epochs, sample_size, downscale_percentage, temperature, lambda, teacher, no-pi, student, self_dist_student
30, 300, 0.25, 10, 0.5, 0.818, 0.603, 0.701, 0.589
30, 300, 0.25, 10, 0.5, 0.794, 0.597, 0.652, 0.548
30, 300, 0.25, 10, 0.5, 0.795, 0.654, 0.725, 0.668
30, 300, 0.25, 10, 0.5, 0.808, 0.567, 0.719, 0.595
30, 300, 0.25, 10, 0.5, 0.803, 0.651, 0.737, 0.596
30, 300, 0.25, 10, 0.5, 0.765, 0.569, 0.669, 0.577
30, 300, 0.25, 10, 0.5, 0.803, 0.62, 0.717, 0.616
30, 300, 0.25, 10, 0.5, 0.792, 0.64, 0.696, 0.628
30, 300, 0.25, 10, 0.5, 0.806, 0.519, 0.712, 0.515
30, 300, 0.25, 10, 0.5, 0.806, 0.578, 0.706, 0.602
30, 300, 0.25, 10, 0.5, 0.822, 0.635, 0.622, 0.639
30, 300, 0.25, 10, 0.5, 0.835, 0.539, 0.643, 0.607
30, 300, 0.25, 10, 0.5, 0.809, 0.599, 0.706, 0.632
30, 300, 0.25, 10, 0.5, 0.785, 0.506, 0.675, 0.518
30, 300, 0.25, 10, 0.5, 0.81, 0.469, 0.67, 0.505
30, 300, 0.25, 10, 0.5, 0.797, 0.577, 0.707, 0.593
30, 300, 0.25, 10, 0.5, 0.805, 0.453, 0.689, 0.532
30, 300, 0.25, 10, 0.5, 0.8, 0.608, 0.68, 0.566
30, 300, 0.25, 10, 0.5, 0.794, 0.644, 0.7, 0.666
30, 300, 0.25, 10, 0.5, 0.794, 0.599, 0.735, 0.6
30, 300, 0.25, 10, 0.5, 0.813, 0.574, 0.716, 0.584
30, 300, 0.25, 10, 0.5, 0.818, 0.511, 0.73, 0.535
30, 300, 0.25, 10, 0.5, 0.819, 0.626, 0.726, 0.622
30, 300, 0.25, 10, 0.5, 0.822, 0.583, 0.737, 0.566
30, 300, 0.25, 10, 0.5, 0.796, 0.535, 0.67, 0.504
30, 300, 0.25, 10, 0.5, 0.793, 0.563, 0.706, 0.553
30, 300, 0.25, 10, 0.5, 0.825, 0.536, 0.646, 0.554
30, 300, 0.25, 10, 0.5, 0.805, 0.605, 0.742, 0.613
30, 300, 0.25, 10, 0.5, 0.82, 0.581, 0.712, 0.599
30, 300, 0.25, 10, 0.5, 0.808, 0.65, 0.689, 0.657
30, 300, 0.25, 10, 0.5, 0.802, 0.51, 0.635, 0.556
30, 300, 0.25, 10, 0.5, 0.83, 0.674, 0.708, 0.64
30, 300, 0.25, 10, 0.5, 0.81, 0.649, 0.707, 0.662
30, 300, 0.25, 10, 0.5, 0.806, 0.5, 0.754, 0.474
30, 300, 0.25, 10, 0.5, 0.804, 0.435, 0.687, 0.505
30, 300, 0.25, 10, 0.5, 0.825, 0.585, 0.71, 0.592
30, 300, 0.25, 10, 0.5, 0.815, 0.516, 0.724, 0.55
30, 300, 0.25, 10, 0.5, 0.807, 0.599, 0.672, 0.641
30, 300, 0.25, 10, 0.5, 0.792, 0.655, 0.712, 0.664
30, 300, 0.25, 10, 0.5, 0.811, 0.567, 0.692, 0.567
30, 300, 0.25, 10, 0.5, 0.781, 0.611, 0.731, 0.578
30, 300, 0.25, 10, 0.5, 0.792, 0.563, 0.737, 0.596
30, 300, 0.25, 10, 0.5, 0.807, 0.563, 0.701, 0.606
30, 300, 0.25, 10, 0.5, 0.82, 0.572, 0.725, 0.581
30, 300, 0.25, 10, 0.5, 0.803, 0.55, 0.732, 0.586
30, 300, 0.25, 10, 0.5, 0.802, 0.604, 0.726, 0.629
30, 300, 0.25, 10, 0.5, 0.81, 0.612, 0.723, 0.586
30, 300, 0.25, 10, 0.5, 0.813, 0.513, 0.699, 0.493
30, 300, 0.25, 10, 0.5, 0.809, 0.574, 0.689, 0.593
30, 300, 0.25, 10, 0.5, 0.8, 0.557, 0.68, 0.539
30, 300, 0.25, 10, 0.5, 0.832, 0.544, 0.735, 0.553
30, 300, 0.25, 10, 0.5, 0.799, 0.523, 0.644, 0.567
30, 300, 0.25, 10, 0.5, 0.803, 0.568, 0.763, 0.595
30, 300, 0.25, 10, 0.5, 0.813, 0.552, 0.691, 0.557
30, 300, 0.25, 10, 0.5, 0.785, 0.55, 0.584, 0.584
30, 300, 0.25, 10, 0.5, 0.806, 0.648, 0.673, 0.646
30, 300, 0.25, 10, 0.5, 0.792, 0.632, 0.712, 0.592
30, 300, 0.25, 10, 0.5, 0.814, 0.576, 0.734, 0.576
30, 300, 0.25, 10, 0.5, 0.745, 0.531, 0.569, 0.519
30, 300, 0.25, 10, 0.5, 0.824, 0.546, 0.703, 0.599
30, 300, 0.25, 10, 0.5, 0.802, 0.594, 0.68, 0.546
30, 300, 0.25, 10, 0.5, 0.83, 0.5, 0.727, 0.558
30, 300, 0.25, 10, 0.5, 0.812, 0.592, 0.685, 0.593
30, 300, 0.25, 10, 0.5, 0.799, 0.623, 0.717, 0.624
30, 300, 0.25, 10, 0.5, 0.797, 0.625, 0.703, 0.577
30, 300, 0.25, 10, 0.5, 0.805, 0.69, 0.652, 0.691
30, 300, 0.25, 10, 0.5, 0.804, 0.662, 0.74, 0.657
30, 300, 0.25, 10, 0.5, 0.797, 0.593, 0.658, 0.565
30, 300, 0.25, 10, 0.5, 0.81, 0.537, 0.737, 0.559
30, 300, 0.25, 10, 0.5, 0.835, 0.689, 0.699, 0.605
30, 300, 0.25, 10, 0.5, 0.799, 0.682, 0.74, 0.648
30, 300, 0.25, 10, 0.5, 0.806, 0.62, 0.628, 0.646
30, 300, 0.25, 10, 0.5, 0.813, 0.467, 0.664, 0.485
30, 300, 0.25, 10, 0.5, 0.793, 0.574, 0.694, 0.566
30, 300, 0.25, 10, 0.5, 0.797, 0.516, 0.594, 0.588
30, 300, 0.25, 10, 0.5, 0.803, 0.516, 0.665, 0.533
30, 300, 0.25, 10, 0.5, 0.789, 0.544, 0.617, 0.51
30, 300, 0.25, 10, 0.5, 0.828, 0.556, 0.594, 0.52
30, 300, 0.25, 10, 0.5, 0.816, 0.566, 0.669, 0.559
30, 300, 0.25, 10, 0.5, 0.82, 0.551, 0.727, 0.533
30, 300, 0.25, 10, 0.5, 0.813, 0.621, 0.71, 0.617
30, 300, 0.25, 10, 0.5, 0.805, 0.55, 0.721, 0.526
30, 300, 0.25, 10, 0.5, 0.796, 0.619, 0.733, 0.59
30, 300, 0.25, 10, 0.5, 0.809, 0.682, 0.724, 0.657
30, 300, 0.25, 10, 0.5, 0.823, 0.686, 0.762, 0.674
30, 300, 0.25, 10, 0.5, 0.786, 0.473, 0.71, 0.572
30, 300, 0.25, 10, 0.5, 0.812, 0.646, 0.57, 0.671
30, 300, 0.25, 10, 0.5, 0.827, 0.548, 0.726, 0.621
30, 300, 0.25, 10, 0.5, 0.804, 0.635, 0.716, 0.613
30, 300, 0.25, 10, 0.5, 0.777, 0.672, 0.682, 0.631
30, 300, 0.25, 10, 0.5, 0.793, 0.575, 0.606, 0.615
30, 300, 0.25, 10, 0.5, 0.817, 0.661, 0.736, 0.648
30, 300, 0.25, 10, 0.5, 0.813, 0.506, 0.642, 0.516
30, 300, 0.25, 10, 0.5, 0.791, 0.662, 0.712, 0.685
30, 300, 0.25, 10, 0.5, 0.814, 0.588, 0.752, 0.584
30, 300, 0.25, 10, 0.5, 0.806, 0.668, 0.722, 0.661
30, 300, 0.25, 10, 0.5, 0.815, 0.535, 0.678, 0.555
30, 300, 0.25, 10, 0.5, 0.792, 0.607, 0.676, 0.616
30, 300, 0.25, 10, 0.5, 0.804, 0.668, 0.693, 0.661
30, 300, 0.25, 10, 0.5, 0.801, 0.406, 0.69, 0.497
30, 500, 0.25, 10, 0.5, 0.843, 0.672, 0.798, 0.679
30, 500, 0.25, 10, 0.5, 0.852, 0.597, 0.777, 0.644
30, 500, 0.25, 10, 0.5, 0.85, 0.673, 0.776, 0.685
30, 500, 0.25, 10, 0.5, 0.844, 0.703, 0.744, 0.71
30, 500, 0.25, 10, 0.5, 0.845, 0.743, 0.781, 0.727
30, 500, 0.25, 10, 0.5, 0.838, 0.686, 0.789, 0.704
30, 500, 0.25, 10, 0.5, 0.84, 0.708, 0.781, 0.679
30, 500, 0.25, 10, 0.5, 0.849, 0.753, 0.808, 0.742
30, 500, 0.25, 10, 0.5, 0.84, 0.741, 0.788, 0.746
30, 500, 0.25, 10, 0.5, 0.856, 0.676, 0.789, 0.676
30, 500, 0.25, 10, 0.5, 0.845, 0.711, 0.786, 0.687
30, 500, 0.25, 10, 0.5, 0.835, 0.754, 0.778, 0.756
30, 500, 0.25, 10, 0.5, 0.845, 0.735, 0.758, 0.75
30, 500, 0.25, 10, 0.5, 0.85, 0.743, 0.808, 0.748
30, 500, 0.25, 10, 0.5, 0.857, 0.722, 0.816, 0.717
30, 500, 0.25, 10, 0.5, 0.857, 0.704, 0.771, 0.717
30, 500, 0.25, 10, 0.5, 0.848, 0.702, 0.8, 0.696
30, 500, 0.25, 10, 0.5, 0.866, 0.72, 0.791, 0.74
30, 500, 0.25, 10, 0.5, 0.843, 0.754, 0.821, 0.771
30, 500, 0.25, 10, 0.5, 0.836, 0.739, 0.783, 0.714
30, 500, 0.25, 10, 0.5, 0.847, 0.727, 0.786, 0.723
30, 500, 0.25, 10, 0.5, 0.84, 0.708, 0.8, 0.746
30, 500, 0.25, 10, 0.5, 0.843, 0.654, 0.792, 0.651
30, 500, 0.25, 10, 0.5, 0.846, 0.766, 0.776, 0.746
30, 500, 0.25, 10, 0.5, 0.852, 0.754, 0.789, 0.707
30, 500, 0.25, 10, 0.5, 0.821, 0.707, 0.799, 0.727
30, 500, 0.25, 10, 0.5, 0.852, 0.71, 0.785, 0.685
30, 500, 0.25, 10, 0.5, 0.86, 0.712, 0.819, 0.682
30, 500, 0.25, 10, 0.5, 0.844, 0.656, 0.78, 0.674
30, 300, 0.25, 10, 0.5, 0.825, 0.566, 0.665, 0.628
30, 300, 0.25, 10, 0.5, 0.802, 0.486, 0.676, 0.493
30, 300, 0.25, 10, 0.5, 0.817, 0.569, 0.702, 0.58
30, 300, 0.25, 10, 0.5, 0.81, 0.61, 0.643, 0.44
30, 300, 0.25, 10, 0.5, 0.814, 0.49, 0.72, 0.545
30, 300, 0.25, 10, 0.5, 0.761, 0.637, 0.684, 0.63
30, 300, 0.25, 10, 0.5, 0.804, 0.529, 0.705, 0.53
30, 300, 0.25, 10, 0.5, 0.801, 0.622, 0.698, 0.656
30, 300, 0.25, 10, 0.5, 0.828, 0.638, 0.746, 0.647
30, 300, 0.25, 10, 0.5, 0.814, 0.614, 0.752, 0.652
30, 300, 0.25, 10, 0.5, 0.818, 0.682, 0.704, 0.68
30, 300, 0.25, 10, 0.5, 0.834, 0.615, 0.633, 0.596
30, 300, 0.25, 10, 0.5, 0.826, 0.617, 0.719, 0.622
30, 300, 0.25, 10, 0.5, 0.783, 0.616, 0.668, 0.586
30, 300, 0.25, 10, 0.5, 0.782, 0.574, 0.673, 0.558
30, 300, 0.25, 10, 0.5, 0.803, 0.619, 0.732, 0.589
30, 300, 0.25, 10, 0.5, 0.81, 0.497, 0.691, 0.538
30, 300, 0.25, 10, 0.5, 0.761, 0.587, 0.655, 0.582
30, 300, 0.25, 10, 0.5, 0.801, 0.651, 0.733, 0.636
30, 300, 0.25, 10, 0.5, 0.819, 0.61, 0.668, 0.602
30, 300, 0.25, 10, 0.5, 0.822, 0.57, 0.662, 0.585
30, 300, 0.25, 10, 0.5, 0.817, 0.639, 0.631, 0.581
30, 300, 0.25, 10, 0.5, 0.771, 0.527, 0.636, 0.512
30, 300, 0.25, 10, 0.5, 0.817, 0.685, 0.75, 0.693
30, 300, 0.25, 10, 0.5, 0.781, 0.56, 0.631, 0.612
30, 300, 0.25, 10, 0.5, 0.808, 0.602, 0.757, 0.61
30, 300, 0.25, 10, 0.5, 0.811, 0.576, 0.673, 0.563
30, 300, 0.25, 10, 0.5, 0.794, 0.577, 0.654, 0.619
30, 300, 0.25, 10, 0.5, 0.802, 0.612, 0.626, 0.564
30, 300, 0.25, 10, 0.5, 0.82, 0.663, 0.764, 0.636
30, 300, 0.25, 10, 0.5, 0.822, 0.545, 0.66, 0.574
30, 300, 0.25, 10, 0.5, 0.805, 0.654, 0.703, 0.684
30, 300, 0.25, 10, 0.5, 0.817, 0.543, 0.727, 0.551
30, 300, 0.25, 10, 0.5, 0.786, 0.471, 0.691, 0.488
30, 300, 0.25, 10, 0.5, 0.819, 0.524, 0.709, 0.578
30, 300, 0.25, 10, 0.5, 0.788, 0.574, 0.7, 0.614
30, 300, 0.25, 10, 0.5, 0.801, 0.597, 0.618, 0.595
30, 300, 0.25, 10, 0.5, 0.818, 0.626, 0.76, 0.635
30, 300, 0.25, 10, 0.5, 0.773, 0.633, 0.663, 0.643
30, 300, 0.25, 10, 0.5, 0.823, 0.651, 0.707, 0.644
30, 300, 0.25, 10, 0.5, 0.816, 0.647, 0.727, 0.642
30, 300, 0.25, 10, 0.5, 0.796, 0.588, 0.711, 0.66
30, 300, 0.25, 10, 0.5, 0.803, 0.53, 0.713, 0.552
30, 300, 0.25, 10, 0.5, 0.802, 0.58, 0.686, 0.569
30, 300, 0.25, 10, 0.5, 0.802, 0.626, 0.723, 0.605
30, 300, 0.25, 10, 0.5, 0.8, 0.615, 0.734, 0.606
30, 300, 0.25, 10, 0.5, 0.829, 0.543, 0.683, 0.522
30, 300, 0.25, 10, 0.5, 0.803, 0.626, 0.644, 0.62
30, 300, 0.25, 10, 0.5, 0.827, 0.466, 0.75, 0.484
30, 300, 0.25, 10, 0.5, 0.788, 0.642, 0.652, 0.597
30, 300, 0.25, 10, 0.5, 0.791, 0.511, 0.674, 0.548
30, 300, 0.25, 10, 0.5, 0.799, 0.526, 0.65, 0.519
30, 300, 0.25, 10, 0.5, 0.798, 0.629, 0.68, 0.613
30, 300, 0.25, 10, 0.5, 0.834, 0.518, 0.684, 0.548
30, 300, 0.25, 10, 0.5, 0.8, 0.493, 0.706, 0.537
30, 300, 0.25, 10, 0.5, 0.796, 0.505, 0.679, 0.536
30, 300, 0.25, 10, 0.5, 0.808, 0.574, 0.68, 0.606
30, 300, 0.25, 10, 0.5, 0.814, 0.645, 0.677, 0.662
30, 300, 0.25, 10, 0.5, 0.768, 0.561, 0.599, 0.516
30, 300, 0.25, 10, 0.5, 0.808, 0.646, 0.676, 0.626
30, 300, 0.25, 10, 0.5, 0.815, 0.576, 0.708, 0.563
30, 300, 0.25, 10, 0.5, 0.813, 0.631, 0.679, 0.632
30, 300, 0.25, 10, 0.5, 0.826, 0.696, 0.715, 0.642
30, 300, 0.25, 10, 0.5, 0.801, 0.587, 0.725, 0.607
30, 300, 0.25, 10, 0.5, 0.821, 0.651, 0.719, 0.659
30, 300, 0.25, 10, 0.5, 0.781, 0.624, 0.703, 0.605
30, 300, 0.25, 10, 0.5, 0.812, 0.672, 0.701, 0.676
30, 300, 0.25, 10, 0.5, 0.801, 0.546, 0.682, 0.551
30, 300, 0.25, 10, 0.5, 0.812, 0.611, 0.748, 0.598
30, 300, 0.25, 10, 0.5, 0.828, 0.384, 0.738, 0.445
30, 300, 0.25, 10, 0.5, 0.798, 0.58, 0.669, 0.576
30, 300, 0.25, 10, 0.5, 0.8, 0.603, 0.664, 0.558
30, 300, 0.25, 10, 0.5, 0.812, 0.627, 0.716, 0.629
30, 300, 0.25, 10, 0.5, 0.794, 0.578, 0.71, 0.545
30, 300, 0.25, 10, 0.5, 0.809, 0.497, 0.726, 0.581
30, 300, 0.25, 10, 0.5, 0.799, 0.577, 0.714, 0.587
30, 300, 0.25, 10, 0.5, 0.805, 0.592, 0.647, 0.589
30, 300, 0.25, 10, 0.5, 0.816, 0.588, 0.704, 0.644
30, 300, 0.25, 10, 0.5, 0.8, 0.414, 0.704, 0.426
30, 300, 0.25, 10, 0.5, 0.8, 0.606, 0.699, 0.596
30, 300, 0.25, 10, 0.5, 0.82, 0.595, 0.734, 0.592
30, 300, 0.25, 10, 0.5, 0.829, 0.568, 0.692, 0.585
30, 300, 0.25, 10, 0.5, 0.818, 0.596, 0.72, 0.621
30, 300, 0.25, 10, 0.5, 0.81, 0.574, 0.718, 0.571
30, 300, 0.25, 10, 0.5, 0.82, 0.66, 0.652, 0.65
30, 300, 0.25, 10, 0.5, 0.796, 0.547, 0.675, 0.588
30, 300, 0.25, 10, 0.5, 0.821, 0.598, 0.649, 0.571
30, 300, 0.25, 10, 0.5, 0.811, 0.644, 0.714, 0.64
30, 300, 0.25, 10, 0.5, 0.799, 0.54, 0.712, 0.502
30, 300, 0.25, 10, 0.5, 0.812, 0.52, 0.696, 0.528
30, 300, 0.25, 10, 0.5, 0.816, 0.523, 0.68, 0.501
30, 300, 0.25, 10, 0.5, 0.799, 0.623, 0.696, 0.609
30, 300, 0.25, 10, 0.5, 0.809, 0.558, 0.622, 0.564
30, 300, 0.25, 10, 0.5, 0.789, 0.649, 0.703, 0.679
30, 300, 0.25, 10, 0.5, 0.795, 0.581, 0.71, 0.618
30, 300, 0.25, 10, 0.5, 0.826, 0.527, 0.699, 0.528
30, 300, 0.25, 10, 0.5, 0.797, 0.59, 0.698, 0.57
30, 300, 0.25, 10, 0.5, 0.775, 0.684, 0.746, 0.652
30, 300, 0.25, 10, 0.5, 0.76, 0.57, 0.673, 0.58
30, 300, 0.25, 10, 0.5, 0.773, 0.541, 0.549, 0.522
30, 500, 0.25, 10, 0.5, 0.838, 0.739, 0.792, 0.722
30, 500, 0.25, 10, 0.5, 0.847, 0.685, 0.781, 0.699
30, 500, 0.25, 10, 0.5, 0.853, 0.686, 0.793, 0.717
30, 500, 0.25, 10, 0.5, 0.847, 0.698, 0.794, 0.705
30, 500, 0.25, 10, 0.5, 0.832, 0.758, 0.748, 0.764
30, 500, 0.25, 10, 0.5, 0.843, 0.704, 0.761, 0.678
30, 500, 0.25, 10, 0.5, 0.844, 0.749, 0.786, 0.738
30, 500, 0.25, 10, 0.5, 0.845, 0.765, 0.793, 0.759
30, 500, 0.25, 10, 0.5, 0.853, 0.728, 0.789, 0.702
30, 500, 0.25, 10, 0.5, 0.846, 0.697, 0.813, 0.725
30, 500, 0.25, 10, 0.5, 0.857, 0.708, 0.801, 0.705
30, 500, 0.25, 10, 0.5, 0.841, 0.681, 0.806, 0.642
30, 500, 0.25, 10, 0.5, 0.849, 0.69, 0.775, 0.704
30, 500, 0.25, 10, 0.5, 0.849, 0.739, 0.779, 0.734
30, 500, 0.25, 10, 0.5, 0.852, 0.7, 0.783, 0.708
30, 500, 0.25, 10, 0.5, 0.86, 0.687, 0.802, 0.705
30, 500, 0.25, 10, 0.5, 0.846, 0.75, 0.804, 0.734
30, 500, 0.25, 10, 0.5, 0.854, 0.757, 0.794, 0.743
30, 500, 0.25, 10, 0.5, 0.844, 0.749, 0.798, 0.735
30, 500, 0.25, 10, 0.5, 0.837, 0.698, 0.764, 0.699
30, 500, 0.25, 10, 0.5, 0.857, 0.766, 0.75, 0.737
30, 500, 0.25, 10, 0.5, 0.855, 0.699, 0.795, 0.692
30, 500, 0.25, 10, 0.5, 0.844, 0.739, 0.748, 0.759
30, 500, 0.25, 10, 0.5, 0.84, 0.688, 0.776, 0.657
30, 500, 0.25, 10, 0.5, 0.847, 0.668, 0.797, 0.731
30, 500, 0.25, 10, 0.5, 0.835, 0.715, 0.764, 0.726
30, 500, 0.25, 10, 0.5, 0.84, 0.715, 0.787, 0.686
30, 500, 0.25, 10, 0.5, 0.832, 0.717, 0.797, 0.722
30, 500, 0.25, 10, 0.5, 0.833, 0.708, 0.79, 0.708
30, 500, 0.25, 10, 0.5, 0.842, 0.689, 0.764, 0.693
30, 500, 0.25, 10, 0.5, 0.865, 0.736, 0.82, 0.748
30, 500, 0.25, 10, 0.5, 0.85, 0.681, 0.791, 0.69
30, 500, 0.25, 10, 0.5, 0.836, 0.699, 0.762, 0.715
30, 500, 0.25, 10, 0.5, 0.866, 0.737, 0.827, 0.72
30, 500, 0.25, 10, 0.5, 0.86, 0.728, 0.809, 0.708
30, 500, 0.25, 10, 0.5, 0.856, 0.703, 0.749, 0.689
30, 500, 0.25, 10, 0.5, 0.853, 0.712, 0.789, 0.724
30, 500, 0.25, 10, 0.5, 0.843, 0.734, 0.808, 0.715
30, 500, 0.25, 10, 0.5, 0.854, 0.771, 0.804, 0.763
30, 500, 0.25, 10, 0.5, 0.854, 0.746, 0.78, 0.725
30, 500, 0.25, 10, 0.5, 0.85, 0.729, 0.789, 0.732
30, 500, 0.25, 10, 0.5, 0.857, 0.717, 0.779, 0.689
30, 500, 0.25, 10, 0.5, 0.849, 0.769, 0.803, 0.743
30, 500, 0.25, 10, 0.5, 0.854, 0.705, 0.791, 0.716
30, 500, 0.25, 10, 0.5, 0.833, 0.662, 0.748, 0.65
30, 500, 0.25, 10, 0.5, 0.847, 0.717, 0.79, 0.703
30, 500, 0.25, 10, 0.5, 0.846, 0.71, 0.774, 0.723
30, 500, 0.25, 10, 0.5, 0.84, 0.771, 0.792, 0.775
30, 500, 0.25, 10, 0.5, 0.838, 0.726, 0.777, 0.713
30, 500, 0.25, 10, 0.5, 0.83, 0.682, 0.761, 0.67
30, 500, 0.25, 10, 0.5, 0.853, 0.663, 0.779, 0.684
30, 500, 0.25, 10, 0.5, 0.856, 0.746, 0.748, 0.752
30, 500, 0.25, 10, 0.5, 0.855, 0.72, 0.784, 0.704
30, 500, 0.25, 10, 0.5, 0.858, 0.757, 0.781, 0.741
30, 500, 0.25, 10, 0.5, 0.849, 0.74, 0.761, 0.73
30, 500, 0.25, 10, 0.5, 0.842, 0.705, 0.731, 0.716
30, 500, 0.25, 10, 0.5, 0.837, 0.724, 0.776, 0.718
30, 500, 0.25, 10, 0.5, 0.839, 0.68, 0.779, 0.696
30, 500, 0.25, 10, 0.5, 0.852, 0.716, 0.788, 0.725
30, 500, 0.25, 10, 0.5, 0.847, 0.685, 0.784, 0.729
30, 500, 0.25, 10, 0.5, 0.863, 0.68, 0.791, 0.673
30, 500, 0.25, 10, 0.5, 0.858, 0.672, 0.799, 0.688
30, 500, 0.25, 10, 0.5, 0.855, 0.708, 0.779, 0.693
30, 500, 0.25, 10, 0.5, 0.852, 0.721, 0.787, 0.72
30, 500, 0.25, 10, 0.5, 0.863, 0.774, 0.767, 0.775
30, 500, 0.25, 10, 0.5, 0.86, 0.767, 0.775, 0.733
30, 500, 0.25, 10, 0.5, 0.832, 0.736, 0.738, 0.725
30, 500, 0.25, 10, 0.5, 0.86, 0.661, 0.776, 0.689
30, 500, 0.25, 10, 0.5, 0.845, 0.734, 0.781, 0.731
30, 500, 0.25, 10, 0.5, 0.855, 0.692, 0.792, 0.713
30, 500, 0.25, 10, 0.5, 0.842, 0.744, 0.777, 0.742
30, 500, 0.25, 10, 0.5, 0.841, 0.679, 0.776, 0.698
30, 500, 0.25, 10, 0.5, 0.825, 0.702, 0.74, 0.707
30, 500, 0.25, 10, 0.5, 0.835, 0.646, 0.786, 0.661
30, 500, 0.25, 10, 0.5, 0.845, 0.684, 0.792, 0.699
30, 500, 0.25, 10, 0.5, 0.869, 0.746, 0.793, 0.732
30, 500, 0.25, 10, 0.5, 0.853, 0.69, 0.78, 0.665
30, 500, 0.25, 10, 0.5, 0.842, 0.666, 0.775, 0.665
30, 500, 0.25, 10, 0.5, 0.849, 0.696, 0.814, 0.7
30, 500, 0.25, 10, 0.5, 0.853, 0.746, 0.776, 0.756
30, 500, 0.25, 10, 0.5, 0.849, 0.78, 0.786, 0.753
30, 500, 0.25, 10, 0.5, 0.862, 0.724, 0.788, 0.74
30, 500, 0.25, 10, 0.5, 0.854, 0.684, 0.785, 0.688
30, 500, 0.25, 10, 0.5, 0.843, 0.726, 0.768, 0.742
30, 500, 0.25, 10, 0.5, 0.844, 0.69, 0.806, 0.693
30, 500, 0.25, 10, 0.5, 0.831, 0.717, 0.738, 0.719
30, 500, 0.25, 10, 0.5, 0.849, 0.7, 0.782, 0.699
30, 500, 0.25, 10, 0.5, 0.842, 0.735, 0.789, 0.716
30, 500, 0.25, 10, 0.5, 0.843, 0.72, 0.713, 0.718
30, 500, 0.25, 10, 0.5, 0.853, 0.694, 0.742, 0.714
30, 500, 0.25, 10, 0.5, 0.827, 0.728, 0.743, 0.731
30, 500, 0.25, 10, 0.5, 0.858, 0.734, 0.799, 0.716
30, 500, 0.25, 10, 0.5, 0.837, 0.687, 0.797, 0.682
30, 500, 0.25, 10, 0.5, 0.827, 0.661, 0.73, 0.659
30, 500, 0.25, 10, 0.5, 0.834, 0.725, 0.782, 0.708
30, 500, 0.25, 10, 0.5, 0.849, 0.682, 0.793, 0.682
30, 500, 0.25, 10, 0.5, 0.86, 0.692, 0.772, 0.694
30, 500, 0.25, 10, 0.5, 0.834, 0.762, 0.743, 0.773
30, 500, 0.25, 10, 0.5, 0.847, 0.6, 0.774, 0.642
30, 500, 0.25, 10, 0.5, 0.856, 0.714, 0.784, 0.714
50, 300, 0.25, 10, 0.5, 0.835, 0.706, 0.791, 0.726
50, 300, 0.25, 10, 0.5, 0.821, 0.727, 0.751, 0.706
50, 300, 0.25, 10, 0.5, 0.798, 0.712, 0.773, 0.702
50, 300, 0.25, 10, 0.5, 0.818, 0.692, 0.78, 0.696
50, 300, 0.25, 10, 0.5, 0.826, 0.712, 0.763, 0.693
50, 300, 0.25, 10, 0.5, 0.813, 0.734, 0.721, 0.708
50, 300, 0.25, 10, 0.5, 0.804, 0.689, 0.746, 0.655
50, 300, 0.25, 10, 0.5, 0.823, 0.687, 0.73, 0.683
50, 300, 0.25, 10, 0.5, 0.824, 0.724, 0.775, 0.735
50, 300, 0.25, 10, 0.5, 0.81, 0.706, 0.776, 0.677
50, 300, 0.25, 10, 0.5, 0.82, 0.665, 0.741, 0.703
50, 300, 0.25, 10, 0.5, 0.823, 0.648, 0.754, 0.685
50, 300, 0.25, 10, 0.5, 0.807, 0.699, 0.783, 0.674
50, 300, 0.25, 10, 0.5, 0.83, 0.68, 0.746, 0.66
50, 300, 0.25, 10, 0.5, 0.808, 0.718, 0.743, 0.719
50, 300, 0.25, 10, 0.5, 0.813, 0.689, 0.741, 0.696
50, 300, 0.25, 10, 0.5, 0.815, 0.719, 0.793, 0.718
50, 300, 0.25, 10, 0.5, 0.818, 0.75, 0.805, 0.73
50, 300, 0.25, 10, 0.5, 0.813, 0.73, 0.763, 0.753
50, 300, 0.25, 10, 0.5, 0.824, 0.678, 0.765, 0.674
50, 300, 0.25, 10, 0.5, 0.808, 0.702, 0.769, 0.7
50, 300, 0.25, 10, 0.5, 0.816, 0.714, 0.774, 0.713
50, 300, 0.25, 10, 0.5, 0.806, 0.659, 0.766, 0.678
50, 300, 0.25, 10, 0.5, 0.826, 0.715, 0.757, 0.727
50, 300, 0.25, 10, 0.5, 0.811, 0.726, 0.752, 0.713
50, 300, 0.25, 10, 0.5, 0.813, 0.763, 0.75, 0.737
50, 300, 0.25, 10, 0.5, 0.821, 0.688, 0.73, 0.687
50, 300, 0.25, 10, 0.5, 0.81, 0.635, 0.784, 0.667
50, 300, 0.25, 10, 0.5, 0.811, 0.714, 0.75, 0.72
50, 300, 0.25, 10, 0.5, 0.822, 0.691, 0.793, 0.688
50, 300, 0.25, 10, 0.5, 0.823, 0.69, 0.752, 0.702
50, 300, 0.25, 10, 0.5, 0.823, 0.736, 0.78, 0.726
50, 300, 0.25, 10, 0.5, 0.827, 0.73, 0.734, 0.71
50, 300, 0.25, 10, 0.5, 0.82, 0.682, 0.742, 0.702
50, 300, 0.25, 10, 0.5, 0.83, 0.7, 0.786, 0.693
50, 300, 0.25, 10, 0.5, 0.84, 0.706, 0.789, 0.695
50, 300, 0.25, 10, 0.5, 0.811, 0.666, 0.741, 0.658
50, 300, 0.25, 10, 0.5, 0.795, 0.703, 0.722, 0.649
50, 300, 0.25, 10, 0.5, 0.809, 0.723, 0.764, 0.733
50, 300, 0.25, 10, 0.5, 0.821, 0.763, 0.747, 0.748
50, 300, 0.25, 10, 0.5, 0.834, 0.691, 0.787, 0.723
50, 300, 0.25, 10, 0.5, 0.814, 0.705, 0.758, 0.697
50, 300, 0.25, 10, 0.5, 0.82, 0.676, 0.78, 0.659
50, 300, 0.25, 10, 0.5, 0.815, 0.673, 0.717, 0.642
50, 300, 0.25, 10, 0.5, 0.787, 0.687, 0.741, 0.692
50, 300, 0.25, 10, 0.5, 0.799, 0.719, 0.796, 0.669
50, 300, 0.25, 10, 0.5, 0.803, 0.736, 0.778, 0.71
50, 300, 0.25, 10, 0.5, 0.839, 0.682, 0.766, 0.682
50, 300, 0.25, 10, 0.5, 0.824, 0.654, 0.744, 0.63
50, 300, 0.25, 10, 0.5, 0.832, 0.684, 0.788, 0.7
50, 300, 0.25, 10, 0.5, 0.818, 0.722, 0.767, 0.716
50, 300, 0.25, 10, 0.5, 0.808, 0.73, 0.765, 0.721
50, 300, 0.25, 10, 0.5, 0.827, 0.749, 0.798, 0.73
50, 300, 0.25, 10, 0.5, 0.826, 0.698, 0.71, 0.692
50, 300, 0.25, 10, 0.5, 0.822, 0.756, 0.742, 0.727
50, 300, 0.25, 10, 0.5, 0.806, 0.69, 0.754, 0.686
50, 300, 0.25, 10, 0.5, 0.824, 0.692, 0.727, 0.703
50, 300, 0.25, 10, 0.5, 0.816, 0.696, 0.739, 0.701
50, 300, 0.25, 10, 0.5, 0.813, 0.686, 0.733, 0.692
50, 300, 0.25, 10, 0.5, 0.819, 0.76, 0.753, 0.756
50, 300, 0.25, 10, 0.5, 0.821, 0.7, 0.746, 0.701
50, 300, 0.25, 10, 0.5, 0.818, 0.747, 0.773, 0.737
50, 300, 0.25, 10, 0.5, 0.816, 0.704, 0.729, 0.731
50, 300, 0.25, 10, 0.5, 0.8, 0.735, 0.738, 0.717
50, 300, 0.25, 10, 0.5, 0.831, 0.7, 0.755, 0.696
50, 300, 0.25, 10, 0.5, 0.804, 0.725, 0.784, 0.721
50, 300, 0.25, 10, 0.5, 0.787, 0.655, 0.721, 0.673
50, 300, 0.25, 10, 0.5, 0.824, 0.705, 0.784, 0.68
50, 300, 0.25, 10, 0.5, 0.823, 0.682, 0.789, 0.666
50, 300, 0.25, 10, 0.5, 0.787, 0.685, 0.716, 0.7
50, 300, 0.25, 10, 0.5, 0.813, 0.711, 0.786, 0.706
50, 300, 0.25, 10, 0.5, 0.825, 0.699, 0.801, 0.679
50, 300, 0.25, 10, 0.5, 0.822, 0.718, 0.758, 0.719
50, 300, 0.25, 10, 0.5, 0.829, 0.72, 0.766, 0.697
50, 300, 0.25, 10, 0.5, 0.839, 0.753, 0.768, 0.719
50, 300, 0.25, 10, 0.5, 0.817, 0.702, 0.757, 0.69
50, 300, 0.25, 10, 0.5, 0.823, 0.67, 0.766, 0.67
50, 300, 0.25, 10, 0.5, 0.809, 0.709, 0.764, 0.702
50, 300, 0.25, 10, 0.5, 0.809, 0.699, 0.742, 0.694
50, 300, 0.25, 10, 0.5, 0.807, 0.722, 0.744, 0.722
50, 300, 0.25, 10, 0.5, 0.811, 0.732, 0.722, 0.739
50, 300, 0.25, 10, 0.5, 0.788, 0.636, 0.736, 0.654
50, 300, 0.25, 10, 0.5, 0.799, 0.625, 0.728, 0.646
50, 300, 0.25, 10, 0.5, 0.805, 0.722, 0.719, 0.721
50, 300, 0.25, 10, 0.5, 0.814, 0.682, 0.745, 0.701
50, 300, 0.25, 10, 0.5, 0.819, 0.735, 0.757, 0.703
50, 300, 0.25, 10, 0.5, 0.833, 0.729, 0.741, 0.706
50, 300, 0.25, 10, 0.5, 0.786, 0.675, 0.708, 0.678
50, 300, 0.25, 10, 0.5, 0.815, 0.651, 0.747, 0.634
50, 300, 0.25, 10, 0.5, 0.792, 0.699, 0.74, 0.691
50, 300, 0.25, 10, 0.5, 0.815, 0.762, 0.771, 0.759
50, 300, 0.25, 10, 0.5, 0.812, 0.654, 0.774, 0.637
50, 300, 0.25, 10, 0.5, 0.82, 0.735, 0.767, 0.723
50, 300, 0.25, 10, 0.5, 0.829, 0.758, 0.729, 0.669
50, 300, 0.25, 10, 0.5, 0.802, 0.736, 0.76, 0.731
50, 300, 0.25, 10, 0.5, 0.811, 0.752, 0.749, 0.739
50, 300, 0.25, 10, 0.5, 0.804, 0.689, 0.743, 0.69
50, 300, 0.25, 10, 0.5, 0.81, 0.711, 0.754, 0.689
50, 300, 0.25, 10, 0.5, 0.816, 0.736, 0.741, 0.738
50, 300, 0.25, 10, 0.5, 0.795, 0.699, 0.759, 0.672
50, 500, 0.25, 10, 0.5, 0.861, 0.806, 0.845, 0.802
50, 500, 0.25, 10, 0.5, 0.816, 0.778, 0.81, 0.792
50, 500, 0.25, 10, 0.5, 0.86, 0.796, 0.821, 0.786
50, 500, 0.25, 10, 0.5, 0.836, 0.784, 0.784, 0.77
50, 500, 0.25, 10, 0.5, 0.846, 0.769, 0.812, 0.757
50, 500, 0.25, 10, 0.5, 0.839, 0.815, 0.817, 0.816
50, 500, 0.25, 10, 0.5, 0.852, 0.796, 0.83, 0.787
50, 500, 0.25, 10, 0.5, 0.84, 0.784, 0.82, 0.795
50, 500, 0.25, 10, 0.5, 0.865, 0.784, 0.836, 0.793
50, 500, 0.25, 10, 0.5, 0.85, 0.774, 0.807, 0.767
50, 500, 0.25, 10, 0.5, 0.853, 0.78, 0.836, 0.788
50, 500, 0.25, 10, 0.5, 0.846, 0.806, 0.819, 0.806
50, 500, 0.25, 10, 0.5, 0.832, 0.797, 0.804, 0.785
50, 500, 0.25, 10, 0.5, 0.855, 0.81, 0.827, 0.802
50, 500, 0.25, 10, 0.5, 0.854, 0.796, 0.836, 0.783
50, 500, 0.25, 10, 0.5, 0.823, 0.795, 0.809, 0.794
50, 500, 0.25, 10, 0.5, 0.837, 0.813, 0.788, 0.802
50, 500, 0.25, 10, 0.5, 0.836, 0.765, 0.763, 0.766
50, 500, 0.25, 10, 0.5, 0.85, 0.808, 0.823, 0.808
50, 500, 0.25, 10, 0.5, 0.85, 0.811, 0.849, 0.799
50, 500, 0.25, 10, 0.5, 0.846, 0.793, 0.829, 0.8
50, 500, 0.25, 10, 0.5, 0.842, 0.783, 0.809, 0.764
50, 500, 0.25, 10, 0.5, 0.849, 0.8, 0.824, 0.786
50, 500, 0.25, 10, 0.5, 0.847, 0.79, 0.832, 0.792
50, 500, 0.25, 10, 0.5, 0.852, 0.803, 0.846, 0.782
50, 500, 0.25, 10, 0.5, 0.849, 0.791, 0.823, 0.794
50, 500, 0.25, 10, 0.5, 0.841, 0.778, 0.816, 0.774
50, 500, 0.25, 10, 0.5, 0.855, 0.765, 0.817, 0.775
50, 500, 0.25, 10, 0.5, 0.841, 0.778, 0.78, 0.78
50, 500, 0.25, 10, 0.5, 0.848, 0.813, 0.812, 0.81
50, 500, 0.25, 10, 0.5, 0.84, 0.802, 0.833, 0.782
50, 500, 0.25, 10, 0.5, 0.854, 0.78, 0.822, 0.772
50, 500, 0.25, 10, 0.5, 0.858, 0.78, 0.819, 0.77
50, 500, 0.25, 10, 0.5, 0.848, 0.776, 0.833, 0.768
50, 500, 0.25, 10, 0.5, 0.841, 0.775, 0.834, 0.766
50, 500, 0.25, 10, 0.5, 0.853, 0.806, 0.8, 0.776
50, 500, 0.25, 10, 0.5, 0.85, 0.784, 0.817, 0.783
50, 500, 0.25, 10, 0.5, 0.848, 0.792, 0.815, 0.782
50, 500, 0.25, 10, 0.5, 0.861, 0.782, 0.814, 0.785
50, 500, 0.25, 10, 0.5, 0.853, 0.801, 0.82, 0.781
50, 500, 0.25, 10, 0.5, 0.828, 0.776, 0.779, 0.774
50, 500, 0.25, 10, 0.5, 0.845, 0.799, 0.831, 0.806
50, 500, 0.25, 10, 0.5, 0.852, 0.782, 0.82, 0.751
50, 500, 0.25, 10, 0.5, 0.837, 0.786, 0.818, 0.777
50, 500, 0.25, 10, 0.5, 0.835, 0.773, 0.833, 0.774
50, 500, 0.25, 10, 0.5, 0.86, 0.803, 0.815, 0.782
50, 500, 0.25, 10, 0.5, 0.844, 0.769, 0.805, 0.767
50, 500, 0.25, 10, 0.5, 0.838, 0.787, 0.818, 0.788
50, 500, 0.25, 10, 0.5, 0.836, 0.769, 0.82, 0.748
50, 500, 0.25, 10, 0.5, 0.853, 0.788, 0.844, 0.788
50, 500, 0.25, 10, 0.5, 0.852, 0.785, 0.828, 0.795
50, 500, 0.25, 10, 0.5, 0.84, 0.806, 0.817, 0.798
50, 500, 0.25, 10, 0.5, 0.835, 0.78, 0.801, 0.784
50, 500, 0.25, 10, 0.5, 0.844, 0.769, 0.816, 0.765
50, 500, 0.25, 10, 0.5, 0.842, 0.788, 0.807, 0.786
50, 500, 0.25, 10, 0.5, 0.86, 0.762, 0.815, 0.776
50, 500, 0.25, 10, 0.5, 0.852, 0.77, 0.818, 0.781
50, 500, 0.25, 10, 0.5, 0.847, 0.782, 0.808, 0.77
50, 500, 0.25, 10, 0.5, 0.837, 0.768, 0.784, 0.762
50, 500, 0.25, 10, 0.5, 0.849, 0.823, 0.808, 0.802
50, 500, 0.25, 10, 0.5, 0.841, 0.796, 0.817, 0.792
50, 500, 0.25, 10, 0.5, 0.845, 0.799, 0.812, 0.778
50, 500, 0.25, 10, 0.5, 0.854, 0.76, 0.802, 0.733
50, 500, 0.25, 10, 0.5, 0.842, 0.804, 0.818, 0.793
50, 500, 0.25, 10, 0.5, 0.851, 0.757, 0.839, 0.75
50, 500, 0.25, 10, 0.5, 0.848, 0.783, 0.813, 0.786
50, 500, 0.25, 10, 0.5, 0.855, 0.773, 0.826, 0.765
50, 500, 0.25, 10, 0.5, 0.864, 0.789, 0.823, 0.773
50, 500, 0.25, 10, 0.5, 0.849, 0.802, 0.803, 0.785
50, 500, 0.25, 10, 0.5, 0.863, 0.817, 0.826, 0.823
50, 500, 0.25, 10, 0.5, 0.841, 0.797, 0.835, 0.778
50, 500, 0.25, 10, 0.5, 0.861, 0.82, 0.83, 0.817
50, 500, 0.25, 10, 0.5, 0.84, 0.815, 0.796, 0.808
50, 500, 0.25, 10, 0.5, 0.858, 0.8, 0.823, 0.797
50, 500, 0.25, 10, 0.5, 0.83, 0.788, 0.818, 0.792
50, 500, 0.25, 10, 0.5, 0.858, 0.781, 0.823, 0.755
50, 500, 0.25, 10, 0.5, 0.842, 0.797, 0.814, 0.791
50, 500, 0.25, 10, 0.5, 0.842, 0.783, 0.8, 0.775
50, 500, 0.25, 10, 0.5, 0.833, 0.794, 0.815, 0.792
50, 500, 0.25, 10, 0.5, 0.854, 0.8, 0.823, 0.817
50, 500, 0.25, 10, 0.5, 0.85, 0.792, 0.807, 0.783
50, 500, 0.25, 10, 0.5, 0.845, 0.779, 0.838, 0.77
50, 500, 0.25, 10, 0.5, 0.835, 0.786, 0.787, 0.772
50, 500, 0.25, 10, 0.5, 0.843, 0.761, 0.809, 0.757
50, 500, 0.25, 10, 0.5, 0.847, 0.81, 0.822, 0.802
50, 500, 0.25, 10, 0.5, 0.846, 0.812, 0.799, 0.811
50, 500, 0.25, 10, 0.5, 0.873, 0.757, 0.802, 0.752
50, 500, 0.25, 10, 0.5, 0.861, 0.799, 0.832, 0.782
50, 500, 0.25, 10, 0.5, 0.844, 0.818, 0.816, 0.817
50, 500, 0.25, 10, 0.5, 0.848, 0.76, 0.796, 0.768
50, 500, 0.25, 10, 0.5, 0.845, 0.791, 0.824, 0.789
50, 500, 0.25, 10, 0.5, 0.856, 0.749, 0.814, 0.735
50, 500, 0.25, 10, 0.5, 0.863, 0.822, 0.823, 0.811
50, 500, 0.25, 10, 0.5, 0.858, 0.77, 0.828, 0.762
50, 500, 0.25, 10, 0.5, 0.855, 0.774, 0.832, 0.776
50, 500, 0.25, 10, 0.5, 0.846, 0.782, 0.838, 0.797
50, 500, 0.25, 10, 0.5, 0.844, 0.715, 0.814, 0.742
50, 500, 0.25, 10, 0.5, 0.856, 0.8, 0.823, 0.786
50, 500, 0.25, 10, 0.5, 0.859, 0.751, 0.81, 0.768
50, 500, 0.25, 10, 0.5, 0.824, 0.806, 0.809, 0.805
100, 300, 0.25, 10, 0.5, 0.818, 0.789, 0.809, 0.771
100, 300, 0.25, 10, 0.5, 0.776, 0.787, 0.815, 0.769
100, 300, 0.25, 10, 0.5, 0.831, 0.791, 0.819, 0.779
100, 300, 0.25, 10, 0.5, 0.788, 0.755, 0.801, 0.758
100, 300, 0.25, 10, 0.5, 0.837, 0.773, 0.822, 0.779
100, 300, 0.25, 10, 0.5, 0.823, 0.808, 0.82, 0.791
100, 300, 0.25, 10, 0.5, 0.806, 0.797, 0.798, 0.798
100, 300, 0.25, 10, 0.5, 0.839, 0.776, 0.825, 0.778
100, 300, 0.25, 10, 0.5, 0.825, 0.806, 0.824, 0.809
100, 300, 0.25, 10, 0.5, 0.83, 0.783, 0.82, 0.787
100, 300, 0.25, 10, 0.5, 0.8, 0.801, 0.819, 0.805
100, 300, 0.25, 10, 0.5, 0.793, 0.776, 0.818, 0.777
100, 300, 0.25, 10, 0.5, 0.816, 0.804, 0.816, 0.791
100, 300, 0.25, 10, 0.5, 0.823, 0.794, 0.811, 0.792
100, 300, 0.25, 10, 0.5, 0.814, 0.824, 0.818, 0.827
100, 300, 0.25, 10, 0.5, 0.781, 0.78, 0.768, 0.786
100, 300, 0.25, 10, 0.5, 0.821, 0.804, 0.804, 0.809
100, 300, 0.25, 10, 0.5, 0.82, 0.782, 0.826, 0.77
100, 300, 0.25, 10, 0.5, 0.813, 0.8, 0.798, 0.8
100, 300, 0.25, 10, 0.5, 0.836, 0.795, 0.817, 0.795
100, 300, 0.25, 10, 0.5, 0.836, 0.765, 0.832, 0.765
100, 300, 0.25, 10, 0.5, 0.835, 0.789, 0.813, 0.76
100, 300, 0.25, 10, 0.5, 0.783, 0.781, 0.786, 0.782
100, 300, 0.25, 10, 0.5, 0.82, 0.817, 0.799, 0.816
100, 300, 0.25, 10, 0.5, 0.812, 0.778, 0.815, 0.774
100, 300, 0.25, 10, 0.5, 0.806, 0.792, 0.801, 0.767
100, 300, 0.25, 10, 0.5, 0.822, 0.768, 0.8, 0.749
100, 300, 0.25, 10, 0.5, 0.829, 0.774, 0.807, 0.767
100, 300, 0.25, 10, 0.5, 0.818, 0.786, 0.813, 0.794
100, 300, 0.25, 10, 0.5, 0.794, 0.755, 0.766, 0.746
100, 300, 0.25, 10, 0.5, 0.818, 0.779, 0.792, 0.784
100, 300, 0.25, 10, 0.5, 0.824, 0.791, 0.801, 0.776
100, 300, 0.25, 10, 0.5, 0.834, 0.798, 0.824, 0.791
100, 300, 0.25, 10, 0.5, 0.826, 0.792, 0.81, 0.784
100, 300, 0.25, 10, 0.5, 0.812, 0.793, 0.812, 0.785
100, 300, 0.25, 10, 0.5, 0.841, 0.814, 0.838, 0.819
100, 300, 0.25, 10, 0.5, 0.811, 0.779, 0.813, 0.776
100, 300, 0.25, 10, 0.5, 0.8, 0.764, 0.818, 0.75
100, 300, 0.25, 10, 0.5, 0.806, 0.763, 0.791, 0.772
100, 300, 0.25, 10, 0.5, 0.83, 0.777, 0.806, 0.776
100, 300, 0.25, 10, 0.5, 0.836, 0.808, 0.834, 0.797
100, 300, 0.25, 10, 0.5, 0.831, 0.76, 0.828, 0.747
100, 300, 0.25, 10, 0.5, 0.813, 0.783, 0.798, 0.763
100, 300, 0.25, 10, 0.5, 0.813, 0.785, 0.823, 0.78
100, 300, 0.25, 10, 0.5, 0.813, 0.769, 0.797, 0.766
100, 300, 0.25, 10, 0.5, 0.833, 0.802, 0.794, 0.792
100, 300, 0.25, 10, 0.5, 0.829, 0.787, 0.827, 0.79
100, 300, 0.25, 10, 0.5, 0.815, 0.76, 0.815, 0.754
100, 300, 0.25, 10, 0.5, 0.828, 0.792, 0.791, 0.794
100, 300, 0.25, 10, 0.5, 0.833, 0.808, 0.809, 0.81
100, 300, 0.25, 10, 0.5, 0.843, 0.814, 0.826, 0.815
100, 300, 0.25, 10, 0.5, 0.823, 0.805, 0.811, 0.801
100, 300, 0.25, 10, 0.5, 0.819, 0.779, 0.791, 0.768
100, 300, 0.25, 10, 0.5, 0.828, 0.783, 0.825, 0.764
100, 300, 0.25, 10, 0.5, 0.853, 0.82, 0.817, 0.801
100, 300, 0.25, 10, 0.5, 0.832, 0.795, 0.816, 0.802
100, 300, 0.25, 10, 0.5, 0.807, 0.806, 0.796, 0.796
100, 300, 0.25, 10, 0.5, 0.809, 0.763, 0.799, 0.764
100, 300, 0.25, 10, 0.5, 0.827, 0.829, 0.82, 0.814
100, 300, 0.25, 10, 0.5, 0.814, 0.799, 0.802, 0.796
100, 300, 0.25, 10, 0.5, 0.81, 0.77, 0.776, 0.748
100, 300, 0.25, 10, 0.5, 0.823, 0.819, 0.784, 0.81
100, 300, 0.25, 10, 0.5, 0.814, 0.775, 0.829, 0.764
100, 300, 0.25, 10, 0.5, 0.802, 0.79, 0.784, 0.773
100, 300, 0.25, 10, 0.5, 0.823, 0.801, 0.828, 0.806
100, 300, 0.25, 10, 0.5, 0.805, 0.767, 0.803, 0.771
100, 300, 0.25, 10, 0.5, 0.796, 0.785, 0.792, 0.783
100, 300, 0.25, 10, 0.5, 0.822, 0.809, 0.8, 0.801
100, 300, 0.25, 10, 0.5, 0.804, 0.781, 0.792, 0.774
100, 300, 0.25, 10, 0.5, 0.826, 0.796, 0.815, 0.787
100, 300, 0.25, 10, 0.5, 0.83, 0.817, 0.838, 0.811
100, 300, 0.25, 10, 0.5, 0.823, 0.763, 0.815, 0.747
100, 300, 0.25, 10, 0.5, 0.827, 0.786, 0.811, 0.783
100, 300, 0.25, 10, 0.5, 0.821, 0.778, 0.801, 0.785
100, 300, 0.25, 10, 0.5, 0.814, 0.785, 0.816, 0.783
100, 300, 0.25, 10, 0.5, 0.824, 0.809, 0.816, 0.788
100, 300, 0.25, 10, 0.5, 0.825, 0.773, 0.824, 0.765
100, 300, 0.25, 10, 0.5, 0.8, 0.781, 0.784, 0.78
100, 300, 0.25, 10, 0.5, 0.816, 0.772, 0.817, 0.773
100, 300, 0.25, 10, 0.5, 0.804, 0.797, 0.813, 0.794
100, 300, 0.25, 10, 0.5, 0.808, 0.776, 0.806, 0.774
100, 300, 0.25, 10, 0.5, 0.815, 0.816, 0.82, 0.804
100, 300, 0.25, 10, 0.5, 0.81, 0.778, 0.8, 0.777
100, 300, 0.25, 10, 0.5, 0.801, 0.779, 0.776, 0.786
100, 300, 0.25, 10, 0.5, 0.815, 0.746, 0.796, 0.748
100, 300, 0.25, 10, 0.5, 0.817, 0.773, 0.817, 0.757
100, 300, 0.25, 10, 0.5, 0.798, 0.78, 0.822, 0.786
100, 300, 0.25, 10, 0.5, 0.824, 0.811, 0.817, 0.796
100, 300, 0.25, 10, 0.5, 0.821, 0.816, 0.81, 0.805
100, 300, 0.25, 10, 0.5, 0.812, 0.803, 0.808, 0.78
100, 300, 0.25, 10, 0.5, 0.808, 0.773, 0.797, 0.77
100, 300, 0.25, 10, 0.5, 0.817, 0.778, 0.821, 0.766
100, 300, 0.25, 10, 0.5, 0.836, 0.812, 0.829, 0.809
100, 300, 0.25, 10, 0.5, 0.819, 0.79, 0.826, 0.788
100, 300, 0.25, 10, 0.5, 0.811, 0.805, 0.804, 0.796
100, 300, 0.25, 10, 0.5, 0.804, 0.801, 0.786, 0.794
100, 300, 0.25, 10, 0.5, 0.798, 0.79, 0.772, 0.781
100, 300, 0.25, 10, 0.5, 0.833, 0.787, 0.804, 0.782
100, 300, 0.25, 10, 0.5, 0.805, 0.762, 0.792, 0.76
100, 300, 0.25, 10, 0.5, 0.813, 0.777, 0.794, 0.773
100, 500, 0.25, 10, 0.5, 0.843, 0.851, 0.85, 0.848
100, 500, 0.25, 10, 0.5, 0.83, 0.809, 0.858, 0.81
100, 500, 0.25, 10, 0.5, 0.838, 0.814, 0.831, 0.818
100, 500, 0.25, 10, 0.5, 0.849, 0.827, 0.852, 0.83
100, 500, 0.25, 10, 0.5, 0.842, 0.812, 0.844, 0.814
100, 500, 0.25, 10, 0.5, 0.841, 0.822, 0.857, 0.819
100, 500, 0.25, 10, 0.5, 0.854, 0.83, 0.849, 0.825
100, 500, 0.25, 10, 0.5, 0.844, 0.824, 0.83, 0.826
100, 500, 0.25, 10, 0.5, 0.842, 0.843, 0.841, 0.841
100, 500, 0.25, 10, 0.5, 0.83, 0.832, 0.831, 0.829
100, 500, 0.25, 10, 0.5, 0.839, 0.836, 0.855, 0.829
100, 500, 0.25, 10, 0.5, 0.855, 0.842, 0.863, 0.837
100, 500, 0.25, 10, 0.5, 0.842, 0.827, 0.844, 0.827
100, 500, 0.25, 10, 0.5, 0.834, 0.819, 0.828, 0.817
100, 500, 0.25, 10, 0.5, 0.836, 0.829, 0.839, 0.825
100, 500, 0.25, 10, 0.5, 0.849, 0.842, 0.849, 0.821
100, 500, 0.25, 10, 0.5, 0.842, 0.84, 0.838, 0.843
100, 500, 0.25, 10, 0.5, 0.837, 0.837, 0.857, 0.834
100, 500, 0.25, 10, 0.5, 0.852, 0.828, 0.849, 0.826
100, 500, 0.25, 10, 0.5, 0.851, 0.846, 0.859, 0.84
100, 500, 0.25, 10, 0.5, 0.859, 0.845, 0.851, 0.844
100, 500, 0.25, 10, 0.5, 0.856, 0.855, 0.857, 0.852
100, 500, 0.25, 10, 0.5, 0.844, 0.819, 0.844, 0.818
100, 500, 0.25, 10, 0.5, 0.834, 0.85, 0.854, 0.84
100, 500, 0.25, 10, 0.5, 0.844, 0.823, 0.846, 0.811
100, 500, 0.25, 10, 0.5, 0.848, 0.847, 0.849, 0.841
100, 500, 0.25, 10, 0.5, 0.847, 0.833, 0.855, 0.827
100, 500, 0.25, 10, 0.5, 0.848, 0.846, 0.842, 0.832
100, 500, 0.25, 10, 0.5, 0.844, 0.827, 0.842, 0.823
100, 500, 0.25, 10, 0.5, 0.852, 0.866, 0.855, 0.856
100, 500, 0.25, 10, 0.5, 0.852, 0.823, 0.846, 0.814
100, 500, 0.25, 10, 0.5, 0.843, 0.85, 0.855, 0.841
100, 500, 0.25, 10, 0.5, 0.853, 0.819, 0.849, 0.808
100, 500, 0.25, 10, 0.5, 0.84, 0.831, 0.851, 0.826
100, 500, 0.25, 10, 0.5, 0.849, 0.843, 0.841, 0.842
100, 500, 0.25, 10, 0.5, 0.857, 0.834, 0.848, 0.826
100, 500, 0.25, 10, 0.5, 0.851, 0.844, 0.849, 0.832
100, 500, 0.25, 10, 0.5, 0.851, 0.819, 0.841, 0.815
100, 500, 0.25, 10, 0.5, 0.855, 0.834, 0.857, 0.839
100, 500, 0.25, 10, 0.5, 0.859, 0.819, 0.846, 0.819
100, 500, 0.25, 10, 0.5, 0.843, 0.812, 0.831, 0.809
100, 500, 0.25, 10, 0.5, 0.825, 0.816, 0.828, 0.797
100, 500, 0.25, 10, 0.5, 0.847, 0.83, 0.841, 0.83
100, 500, 0.25, 10, 0.5, 0.849, 0.836, 0.86, 0.829
100, 500, 0.25, 10, 0.5, 0.849, 0.829, 0.846, 0.818
100, 500, 0.25, 10, 0.5, 0.845, 0.829, 0.83, 0.811
100, 500, 0.25, 10, 0.5, 0.835, 0.843, 0.852, 0.84
100, 500, 0.25, 10, 0.5, 0.857, 0.81, 0.856, 0.807
100, 500, 0.25, 10, 0.5, 0.858, 0.832, 0.847, 0.828
100, 500, 0.25, 10, 0.5, 0.846, 0.828, 0.848, 0.824
100, 500, 0.25, 10, 0.5, 0.84, 0.813, 0.847, 0.805
100, 500, 0.25, 10, 0.5, 0.854, 0.824, 0.843, 0.817
100, 500, 0.25, 10, 0.5, 0.842, 0.843, 0.853, 0.843
100, 500, 0.25, 10, 0.5, 0.855, 0.837, 0.854, 0.829
100, 500, 0.25, 10, 0.5, 0.856, 0.823, 0.848, 0.826
100, 500, 0.25, 10, 0.5, 0.854, 0.819, 0.84, 0.811
100, 500, 0.25, 10, 0.5, 0.849, 0.848, 0.857, 0.843
100, 500, 0.25, 10, 0.5, 0.849, 0.838, 0.844, 0.827
100, 500, 0.25, 10, 0.5, 0.843, 0.823, 0.819, 0.81
100, 500, 0.25, 10, 0.5, 0.841, 0.842, 0.851, 0.838
100, 500, 0.25, 10, 0.5, 0.845, 0.818, 0.836, 0.814
100, 500, 0.25, 10, 0.5, 0.839, 0.829, 0.844, 0.828
100, 500, 0.25, 10, 0.5, 0.84, 0.86, 0.848, 0.854
100, 500, 0.25, 10, 0.5, 0.85, 0.842, 0.836, 0.836
100, 500, 0.25, 10, 0.5, 0.849, 0.84, 0.817, 0.833
100, 500, 0.25, 10, 0.5, 0.843, 0.831, 0.851, 0.824
100, 500, 0.25, 10, 0.5, 0.849, 0.843, 0.857, 0.833
100, 500, 0.25, 10, 0.5, 0.854, 0.822, 0.856, 0.828
100, 500, 0.25, 10, 0.5, 0.854, 0.842, 0.845, 0.836
100, 500, 0.25, 10, 0.5, 0.855, 0.818, 0.845, 0.818
100, 500, 0.25, 10, 0.5, 0.854, 0.81, 0.851, 0.803
100, 500, 0.25, 10, 0.5, 0.842, 0.834, 0.85, 0.825
100, 500, 0.25, 10, 0.5, 0.838, 0.835, 0.821, 0.824
100, 500, 0.25, 10, 0.5, 0.851, 0.832, 0.844, 0.826
100, 500, 0.25, 10, 0.5, 0.839, 0.82, 0.857, 0.819
100, 500, 0.25, 10, 0.5, 0.84, 0.82, 0.825, 0.809
100, 500, 0.25, 10, 0.5, 0.85, 0.835, 0.837, 0.825
100, 500, 0.25, 10, 0.5, 0.845, 0.834, 0.825, 0.828
100, 500, 0.25, 10, 0.5, 0.846, 0.826, 0.842, 0.815
100, 500, 0.25, 10, 0.5, 0.851, 0.825, 0.842, 0.821
100, 500, 0.25, 10, 0.5, 0.845, 0.845, 0.841, 0.832
100, 500, 0.25, 10, 0.5, 0.855, 0.829, 0.853, 0.824
100, 500, 0.25, 10, 0.5, 0.848, 0.841, 0.856, 0.838
100, 500, 0.25, 10, 0.5, 0.848, 0.848, 0.846, 0.85
100, 500, 0.25, 10, 0.5, 0.83, 0.848, 0.828, 0.849
100, 500, 0.25, 10, 0.5, 0.834, 0.834, 0.846, 0.828
100, 500, 0.25, 10, 0.5, 0.843, 0.845, 0.855, 0.836
100, 500, 0.25, 10, 0.5, 0.845, 0.825, 0.845, 0.815
100, 500, 0.25, 10, 0.5, 0.835, 0.836, 0.844, 0.829
100, 500, 0.25, 10, 0.5, 0.834, 0.826, 0.839, 0.823
100, 500, 0.25, 10, 0.5, 0.86, 0.837, 0.854, 0.829
100, 500, 0.25, 10, 0.5, 0.862, 0.848, 0.861, 0.838
100, 500, 0.25, 10, 0.5, 0.824, 0.819, 0.83, 0.804
100, 500, 0.25, 10, 0.5, 0.841, 0.818, 0.852, 0.807
100, 500, 0.25, 10, 0.5, 0.856, 0.851, 0.848, 0.842
100, 500, 0.25, 10, 0.5, 0.848, 0.847, 0.853, 0.842
100, 500, 0.25, 10, 0.5, 0.833, 0.832, 0.859, 0.834
100, 500, 0.25, 10, 0.5, 0.842, 0.828, 0.849, 0.829
100, 500, 0.25, 10, 0.5, 0.844, 0.847, 0.848, 0.847
100, 500, 0.25, 10, 0.5, 0.852, 0.854, 0.838, 0.841
200, 300, 0.25, 10, 0.5, 0.824, 0.826, 0.832, 0.832
200, 300, 0.25, 10, 0.5, 0.811, 0.804, 0.828, 0.802
200, 300, 0.25, 10, 0.5, 0.793, 0.789, 0.809, 0.77
200, 300, 0.25, 10, 0.5, 0.814, 0.827, 0.842, 0.826
200, 300, 0.25, 10, 0.5, 0.795, 0.833, 0.836, 0.826
200, 300, 0.25, 10, 0.5, 0.823, 0.839, 0.835, 0.836
200, 300, 0.25, 10, 0.5, 0.819, 0.828, 0.83, 0.823
200, 300, 0.25, 10, 0.5, 0.811, 0.833, 0.842, 0.826
200, 300, 0.25, 10, 0.5, 0.801, 0.823, 0.814, 0.822
200, 300, 0.25, 10, 0.5, 0.816, 0.818, 0.828, 0.808
200, 300, 0.25, 10, 0.5, 0.807, 0.816, 0.815, 0.804
200, 300, 0.25, 10, 0.5, 0.828, 0.836, 0.845, 0.827
200, 300, 0.25, 10, 0.5, 0.816, 0.822, 0.832, 0.823
200, 300, 0.25, 10, 0.5, 0.828, 0.818, 0.827, 0.807
200, 300, 0.25, 10, 0.5, 0.812, 0.821, 0.827, 0.81
200, 300, 0.25, 10, 0.5, 0.809, 0.814, 0.84, 0.813
200, 300, 0.25, 10, 0.5, 0.827, 0.833, 0.842, 0.837
200, 300, 0.25, 10, 0.5, 0.794, 0.815, 0.819, 0.811
200, 300, 0.25, 10, 0.5, 0.816, 0.811, 0.825, 0.811
200, 300, 0.25, 10, 0.5, 0.795, 0.81, 0.815, 0.807
200, 300, 0.25, 10, 0.5, 0.827, 0.822, 0.83, 0.821
200, 300, 0.25, 10, 0.5, 0.819, 0.849, 0.832, 0.841
200, 300, 0.25, 10, 0.5, 0.822, 0.812, 0.832, 0.804
200, 300, 0.25, 10, 0.5, 0.83, 0.827, 0.838, 0.81
200, 300, 0.25, 10, 0.5, 0.817, 0.802, 0.843, 0.788
200, 300, 0.25, 10, 0.5, 0.798, 0.828, 0.824, 0.837
200, 300, 0.25, 10, 0.5, 0.81, 0.834, 0.832, 0.83
200, 300, 0.25, 10, 0.5, 0.828, 0.832, 0.833, 0.822
200, 300, 0.25, 10, 0.5, 0.813, 0.834, 0.846, 0.829
200, 300, 0.25, 10, 0.5, 0.797, 0.826, 0.821, 0.825
200, 300, 0.25, 10, 0.5, 0.828, 0.809, 0.841, 0.805
200, 300, 0.25, 10, 0.5, 0.777, 0.785, 0.804, 0.771
200, 300, 0.25, 10, 0.5, 0.83, 0.834, 0.834, 0.833
200, 300, 0.25, 10, 0.5, 0.801, 0.807, 0.818, 0.804
200, 300, 0.25, 10, 0.5, 0.815, 0.81, 0.823, 0.81
200, 300, 0.25, 10, 0.5, 0.82, 0.796, 0.821, 0.783
200, 300, 0.25, 10, 0.5, 0.812, 0.807, 0.826, 0.811
200, 300, 0.25, 10, 0.5, 0.83, 0.826, 0.822, 0.817
200, 300, 0.25, 10, 0.5, 0.831, 0.849, 0.846, 0.843
200, 300, 0.25, 10, 0.5, 0.802, 0.809, 0.838, 0.817
200, 300, 0.25, 10, 0.5, 0.832, 0.845, 0.848, 0.843
200, 300, 0.25, 10, 0.5, 0.811, 0.805, 0.808, 0.807
200, 300, 0.25, 10, 0.5, 0.806, 0.835, 0.83, 0.833
200, 300, 0.25, 10, 0.5, 0.8, 0.796, 0.825, 0.799
200, 300, 0.25, 10, 0.5, 0.82, 0.831, 0.843, 0.825
200, 300, 0.25, 10, 0.5, 0.823, 0.829, 0.851, 0.835
200, 300, 0.25, 10, 0.5, 0.819, 0.836, 0.809, 0.831
200, 300, 0.25, 10, 0.5, 0.816, 0.806, 0.814, 0.805
200, 300, 0.25, 10, 0.5, 0.821, 0.804, 0.812, 0.803
200, 300, 0.25, 10, 0.5, 0.806, 0.819, 0.827, 0.818
200, 300, 0.25, 10, 0.5, 0.818, 0.801, 0.828, 0.804
200, 300, 0.25, 10, 0.5, 0.827, 0.836, 0.812, 0.815
200, 300, 0.25, 10, 0.5, 0.812, 0.816, 0.823, 0.82
200, 300, 0.25, 10, 0.5, 0.816, 0.836, 0.833, 0.833
200, 300, 0.25, 10, 0.5, 0.813, 0.821, 0.832, 0.815
200, 300, 0.25, 10, 0.5, 0.807, 0.826, 0.841, 0.821
200, 300, 0.25, 10, 0.5, 0.814, 0.821, 0.837, 0.82
200, 300, 0.25, 10, 0.5, 0.808, 0.837, 0.82, 0.838
200, 300, 0.25, 10, 0.5, 0.799, 0.811, 0.83, 0.811
200, 300, 0.25, 10, 0.5, 0.826, 0.845, 0.852, 0.841
200, 300, 0.25, 10, 0.5, 0.82, 0.823, 0.842, 0.822
200, 300, 0.25, 10, 0.5, 0.809, 0.818, 0.843, 0.818
200, 300, 0.25, 10, 0.5, 0.812, 0.804, 0.808, 0.802
200, 300, 0.25, 10, 0.5, 0.811, 0.842, 0.83, 0.826
200, 300, 0.25, 10, 0.5, 0.82, 0.82, 0.819, 0.811
200, 300, 0.25, 10, 0.5, 0.832, 0.834, 0.841, 0.83
200, 300, 0.25, 10, 0.5, 0.835, 0.818, 0.842, 0.818
200, 300, 0.25, 10, 0.5, 0.832, 0.821, 0.818, 0.818
200, 300, 0.25, 10, 0.5, 0.83, 0.836, 0.838, 0.829
200, 300, 0.25, 10, 0.5, 0.81, 0.829, 0.827, 0.828
200, 300, 0.25, 10, 0.5, 0.827, 0.799, 0.832, 0.797
200, 300, 0.25, 10, 0.5, 0.813, 0.825, 0.831, 0.814
200, 300, 0.25, 10, 0.5, 0.789, 0.814, 0.832, 0.811
200, 300, 0.25, 10, 0.5, 0.829, 0.848, 0.835, 0.843
200, 300, 0.25, 10, 0.5, 0.825, 0.826, 0.832, 0.819
200, 300, 0.25, 10, 0.5, 0.807, 0.794, 0.819, 0.792
200, 300, 0.25, 10, 0.5, 0.833, 0.849, 0.836, 0.84
200, 300, 0.25, 10, 0.5, 0.806, 0.819, 0.822, 0.814
200, 300, 0.25, 10, 0.5, 0.824, 0.82, 0.826, 0.807
200, 300, 0.25, 10, 0.5, 0.818, 0.817, 0.829, 0.813
200, 300, 0.25, 10, 0.5, 0.815, 0.818, 0.825, 0.799
200, 300, 0.25, 10, 0.5, 0.834, 0.841, 0.852, 0.828
200, 300, 0.25, 10, 0.5, 0.812, 0.822, 0.83, 0.822
200, 300, 0.25, 10, 0.5, 0.821, 0.803, 0.828, 0.784
200, 300, 0.25, 10, 0.5, 0.808, 0.833, 0.829, 0.831
200, 300, 0.25, 10, 0.5, 0.815, 0.812, 0.828, 0.816
200, 300, 0.25, 10, 0.5, 0.814, 0.833, 0.799, 0.812
200, 300, 0.25, 10, 0.5, 0.817, 0.799, 0.838, 0.79
200, 300, 0.25, 10, 0.5, 0.813, 0.824, 0.831, 0.813
200, 300, 0.25, 10, 0.5, 0.837, 0.816, 0.853, 0.814
200, 300, 0.25, 10, 0.5, 0.834, 0.825, 0.83, 0.827
200, 300, 0.25, 10, 0.5, 0.806, 0.834, 0.829, 0.826
200, 300, 0.25, 10, 0.5, 0.83, 0.842, 0.846, 0.829
200, 300, 0.25, 10, 0.5, 0.815, 0.802, 0.836, 0.8
200, 300, 0.25, 10, 0.5, 0.829, 0.825, 0.818, 0.821
200, 300, 0.25, 10, 0.5, 0.813, 0.82, 0.817, 0.804
200, 300, 0.25, 10, 0.5, 0.825, 0.812, 0.827, 0.808
200, 300, 0.25, 10, 0.5, 0.829, 0.842, 0.828, 0.823
200, 300, 0.25, 10, 0.5, 0.822, 0.806, 0.832, 0.812
200, 300, 0.25, 10, 0.5, 0.782, 0.8, 0.802, 0.792
200, 500, 0.25, 10, 0.5, 0.841, 0.859, 0.869, 0.843
200, 500, 0.25, 10, 0.5, 0.85, 0.835, 0.862, 0.823
200, 500, 0.25, 10, 0.5, 0.838, 0.84, 0.859, 0.846
200, 500, 0.25, 10, 0.5, 0.847, 0.864, 0.866, 0.852
200, 500, 0.25, 10, 0.5, 0.847, 0.849, 0.849, 0.849
200, 500, 0.25, 10, 0.5, 0.851, 0.857, 0.858, 0.848
200, 500, 0.25, 10, 0.5, 0.851, 0.848, 0.861, 0.846
200, 500, 0.25, 10, 0.5, 0.839, 0.852, 0.853, 0.846
200, 500, 0.25, 10, 0.5, 0.842, 0.855, 0.846, 0.852
200, 500, 0.25, 10, 0.5, 0.852, 0.854, 0.868, 0.844
200, 500, 0.25, 10, 0.5, 0.849, 0.849, 0.856, 0.845
200, 500, 0.25, 10, 0.5, 0.845, 0.848, 0.853, 0.836
200, 500, 0.25, 10, 0.5, 0.86, 0.865, 0.871, 0.855
200, 500, 0.25, 10, 0.5, 0.843, 0.848, 0.854, 0.84
200, 500, 0.25, 10, 0.5, 0.835, 0.859, 0.85, 0.851
200, 500, 0.25, 10, 0.5, 0.856, 0.861, 0.861, 0.856
200, 500, 0.25, 10, 0.5, 0.849, 0.83, 0.864, 0.831
200, 500, 0.25, 10, 0.5, 0.849, 0.86, 0.871, 0.859
200, 500, 0.25, 10, 0.5, 0.836, 0.862, 0.864, 0.86
200, 500, 0.25, 10, 0.5, 0.84, 0.851, 0.852, 0.845
200, 500, 0.25, 10, 0.5, 0.856, 0.845, 0.87, 0.842
200, 500, 0.25, 10, 0.5, 0.848, 0.847, 0.864, 0.848
200, 500, 0.25, 10, 0.5, 0.857, 0.861, 0.867, 0.858
200, 500, 0.25, 10, 0.5, 0.84, 0.851, 0.861, 0.843
200, 500, 0.25, 10, 0.5, 0.852, 0.852, 0.861, 0.853
200, 500, 0.25, 10, 0.5, 0.836, 0.859, 0.856, 0.851
200, 500, 0.25, 10, 0.5, 0.85, 0.854, 0.863, 0.854
200, 500, 0.25, 10, 0.5, 0.851, 0.851, 0.856, 0.853
200, 500, 0.25, 10, 0.5, 0.852, 0.849, 0.858, 0.845
200, 500, 0.25, 10, 0.5, 0.844, 0.854, 0.85, 0.85
200, 500, 0.25, 10, 0.5, 0.85, 0.849, 0.864, 0.853
200, 500, 0.25, 10, 0.5, 0.844, 0.849, 0.853, 0.845
200, 500, 0.25, 10, 0.5, 0.831, 0.854, 0.842, 0.854
200, 500, 0.25, 10, 0.5, 0.82, 0.844, 0.843, 0.844
200, 500, 0.25, 10, 0.5, 0.855, 0.852, 0.859, 0.847
200, 500, 0.25, 10, 0.5, 0.834, 0.842, 0.844, 0.841
200, 500, 0.25, 10, 0.5, 0.857, 0.864, 0.871, 0.857
200, 500, 0.25, 10, 0.5, 0.841, 0.847, 0.872, 0.845
200, 500, 0.25, 10, 0.5, 0.851, 0.851, 0.859, 0.846
200, 500, 0.25, 10, 0.5, 0.835, 0.858, 0.857, 0.848
200, 500, 0.25, 10, 0.5, 0.85, 0.842, 0.863, 0.839
200, 500, 0.25, 10, 0.5, 0.84, 0.863, 0.859, 0.86
200, 500, 0.25, 10, 0.5, 0.86, 0.859, 0.858, 0.849
200, 500, 0.25, 10, 0.5, 0.847, 0.855, 0.852, 0.839
200, 500, 0.25, 10, 0.5, 0.854, 0.851, 0.869, 0.848
200, 500, 0.25, 10, 0.5, 0.824, 0.839, 0.846, 0.835
200, 500, 0.25, 10, 0.5, 0.852, 0.859, 0.863, 0.851
200, 500, 0.25, 10, 0.5, 0.823, 0.842, 0.848, 0.84
200, 500, 0.25, 10, 0.5, 0.846, 0.834, 0.853, 0.826
200, 500, 0.25, 10, 0.5, 0.817, 0.844, 0.839, 0.844
200, 500, 0.25, 10, 0.5, 0.842, 0.853, 0.85, 0.838
200, 500, 0.25, 10, 0.5, 0.844, 0.849, 0.856, 0.846
200, 500, 0.25, 10, 0.5, 0.853, 0.861, 0.866, 0.856
200, 500, 0.25, 10, 0.5, 0.856, 0.846, 0.862, 0.843
200, 500, 0.25, 10, 0.5, 0.828, 0.851, 0.851, 0.845
200, 500, 0.25, 10, 0.5, 0.831, 0.856, 0.853, 0.85
200, 500, 0.25, 10, 0.5, 0.853, 0.857, 0.868, 0.856
200, 500, 0.25, 10, 0.5, 0.852, 0.849, 0.856, 0.845
200, 500, 0.25, 10, 0.5, 0.836, 0.84, 0.848, 0.84
200, 500, 0.25, 10, 0.5, 0.827, 0.837, 0.852, 0.832
200, 500, 0.25, 10, 0.5, 0.832, 0.846, 0.848, 0.838
200, 500, 0.25, 10, 0.5, 0.845, 0.861, 0.877, 0.856
200, 500, 0.25, 10, 0.5, 0.844, 0.844, 0.836, 0.84
200, 500, 0.25, 10, 0.5, 0.847, 0.853, 0.867, 0.844
200, 500, 0.25, 10, 0.5, 0.844, 0.865, 0.872, 0.864
200, 500, 0.25, 10, 0.5, 0.842, 0.863, 0.857, 0.859
200, 500, 0.25, 10, 0.5, 0.833, 0.843, 0.848, 0.843
200, 500, 0.25, 10, 0.5, 0.828, 0.83, 0.856, 0.825
200, 500, 0.25, 10, 0.5, 0.831, 0.842, 0.843, 0.842
200, 500, 0.25, 10, 0.5, 0.853, 0.845, 0.865, 0.844
200, 500, 0.25, 10, 0.5, 0.846, 0.85, 0.864, 0.846
200, 500, 0.25, 10, 0.5, 0.845, 0.857, 0.852, 0.848
200, 500, 0.25, 10, 0.5, 0.85, 0.848, 0.85, 0.843
200, 500, 0.25, 10, 0.5, 0.831, 0.853, 0.837, 0.85
200, 500, 0.25, 10, 0.5, 0.828, 0.844, 0.843, 0.847
200, 500, 0.25, 10, 0.5, 0.842, 0.833, 0.835, 0.824
200, 500, 0.25, 10, 0.5, 0.846, 0.857, 0.862, 0.852
200, 500, 0.25, 10, 0.5, 0.843, 0.845, 0.848, 0.832
200, 500, 0.25, 10, 0.5, 0.838, 0.855, 0.86, 0.848
200, 500, 0.25, 10, 0.5, 0.846, 0.853, 0.866, 0.84
200, 500, 0.25, 10, 0.5, 0.848, 0.851, 0.866, 0.844
200, 500, 0.25, 10, 0.5, 0.849, 0.85, 0.86, 0.847
200, 500, 0.25, 10, 0.5, 0.842, 0.857, 0.861, 0.852
200, 500, 0.25, 10, 0.5, 0.835, 0.849, 0.858, 0.839
200, 500, 0.25, 10, 0.5, 0.842, 0.833, 0.851, 0.826
200, 500, 0.25, 10, 0.5, 0.848, 0.871, 0.869, 0.863
200, 500, 0.25, 10, 0.5, 0.853, 0.873, 0.861, 0.867
200, 500, 0.25, 10, 0.5, 0.835, 0.835, 0.864, 0.835
200, 500, 0.25, 10, 0.5, 0.833, 0.835, 0.86, 0.828
200, 500, 0.25, 10, 0.5, 0.826, 0.851, 0.865, 0.848
200, 500, 0.25, 10, 0.5, 0.838, 0.841, 0.84, 0.836
200, 500, 0.25, 10, 0.5, 0.855, 0.845, 0.854, 0.838
200, 500, 0.25, 10, 0.5, 0.831, 0.85, 0.846, 0.842
200, 500, 0.25, 10, 0.5, 0.844, 0.842, 0.859, 0.844
200, 500, 0.25, 10, 0.5, 0.852, 0.868, 0.864, 0.864
200, 500, 0.25, 10, 0.5, 0.858, 0.841, 0.861, 0.837
200, 500, 0.25, 10, 0.5, 0.851, 0.846, 0.872, 0.836
200, 500, 0.25, 10, 0.5, 0.848, 0.854, 0.846, 0.848
200, 500, 0.25, 10, 0.5, 0.854, 0.836, 0.874, 0.829
200, 500, 0.25, 10, 0.5, 0.846, 0.839, 0.855, 0.843
400, 300, 0.25, 10, 0.5, 0.795, 0.83, 0.098, 0.821
400, 300, 0.25, 10, 0.5, 0.806, 0.826, 0.098, 0.821
400, 300, 0.25, 10, 0.5, 0.823, 0.823, 0.098, 0.818
400, 300, 0.25, 10, 0.5, 0.78, 0.804, 0.811, 0.799
400, 300, 0.25, 10, 0.5, 0.788, 0.82, 0.826, 0.804
400, 300, 0.25, 10, 0.5, 0.776, 0.817, 0.811, 0.805
400, 300, 0.25, 10, 0.5, 0.83, 0.839, 0.832, 0.83
400, 300, 0.25, 10, 0.5, 0.798, 0.824, 0.825, 0.817
400, 300, 0.25, 10, 0.5, 0.79, 0.82, 0.832, 0.809
400, 300, 0.25, 10, 0.5, 0.817, 0.839, 0.098, 0.831
400, 300, 0.25, 10, 0.5, 0.812, 0.834, 0.839, 0.83
400, 300, 0.25, 10, 0.5, 0.802, 0.829, 0.836, 0.826
400, 300, 0.25, 10, 0.5, 0.815, 0.833, 0.836, 0.819
400, 300, 0.25, 10, 0.5, 0.796, 0.821, 0.825, 0.819
400, 300, 0.25, 10, 0.5, 0.805, 0.81, 0.819, 0.806
400, 300, 0.25, 10, 0.5, 0.83, 0.833, 0.85, 0.828
400, 300, 0.25, 10, 0.5, 0.8, 0.82, 0.098, 0.814
400, 300, 0.25, 10, 0.5, 0.83, 0.832, 0.838, 0.833
400, 300, 0.25, 10, 0.5, 0.83, 0.843, 0.098, 0.842
400, 300, 0.25, 10, 0.5, 0.806, 0.815, 0.819, 0.818
400, 300, 0.25, 10, 0.5, 0.82, 0.835, 0.839, 0.827
400, 300, 0.25, 10, 0.5, 0.818, 0.824, 0.098, 0.822
400, 300, 0.25, 10, 0.5, 0.818, 0.82, 0.841, 0.825
400, 300, 0.25, 10, 0.5, 0.766, 0.806, 0.797, 0.798
400, 300, 0.25, 10, 0.5, 0.805, 0.828, 0.832, 0.826
400, 300, 0.25, 10, 0.5, 0.803, 0.824, 0.823, 0.82
400, 300, 0.25, 10, 0.5, 0.81, 0.81, 0.816, 0.797
400, 300, 0.25, 10, 0.5, 0.816, 0.844, 0.842, 0.847
400, 300, 0.25, 10, 0.5, 0.825, 0.855, 0.835, 0.856
400, 300, 0.25, 10, 0.5, 0.811, 0.832, 0.098, 0.825
400, 300, 0.25, 10, 0.5, 0.801, 0.814, 0.834, 0.827
400, 300, 0.25, 10, 0.5, 0.767, 0.824, 0.816, 0.816
400, 300, 0.25, 10, 0.5, 0.807, 0.832, 0.828, 0.83
400, 300, 0.25, 10, 0.5, 0.83, 0.816, 0.839, 0.814
400, 300, 0.25, 10, 0.5, 0.82, 0.828, 0.837, 0.826
400, 300, 0.25, 10, 0.5, 0.798, 0.811, 0.834, 0.805
400, 300, 0.25, 10, 0.5, 0.795, 0.847, 0.857, 0.842
400, 300, 0.25, 10, 0.5, 0.802, 0.834, 0.835, 0.833
400, 300, 0.25, 10, 0.5, 0.807, 0.817, 0.819, 0.81
400, 300, 0.25, 10, 0.5, 0.808, 0.824, 0.823, 0.819
400, 300, 0.25, 10, 0.5, 0.801, 0.831, 0.098, 0.83
400, 300, 0.25, 10, 0.5, 0.795, 0.82, 0.098, 0.812
400, 300, 0.25, 10, 0.5, 0.81, 0.826, 0.098, 0.824
400, 300, 0.25, 10, 0.5, 0.817, 0.817, 0.83, 0.81
400, 300, 0.25, 10, 0.5, 0.807, 0.813, 0.098, 0.812
400, 300, 0.25, 10, 0.5, 0.814, 0.828, 0.849, 0.821
400, 300, 0.25, 10, 0.5, 0.815, 0.846, 0.847, 0.843
400, 300, 0.25, 10, 0.5, 0.83, 0.844, 0.098, 0.842
400, 300, 0.25, 10, 0.5, 0.823, 0.823, 0.098, 0.82
400, 300, 0.25, 10, 0.5, 0.814, 0.828, 0.098, 0.828
400, 300, 0.25, 10, 0.5, 0.815, 0.848, 0.098, 0.835
400, 300, 0.25, 10, 0.5, 0.81, 0.814, 0.098, 0.806
400, 300, 0.25, 10, 0.5, 0.792, 0.832, 0.829, 0.822
400, 300, 0.25, 10, 0.5, 0.79, 0.826, 0.814, 0.824
400, 300, 0.25, 10, 0.5, 0.803, 0.795, 0.805, 0.793
400, 300, 0.25, 10, 0.5, 0.82, 0.837, 0.843, 0.82
400, 300, 0.25, 10, 0.5, 0.82, 0.83, 0.098, 0.824
400, 300, 0.25, 10, 0.5, 0.821, 0.827, 0.098, 0.822
400, 300, 0.25, 10, 0.5, 0.823, 0.811, 0.836, 0.806
400, 300, 0.25, 10, 0.5, 0.826, 0.822, 0.098, 0.822
400, 300, 0.25, 10, 0.5, 0.806, 0.82, 0.813, 0.808
400, 300, 0.25, 10, 0.5, 0.788, 0.81, 0.81, 0.799
400, 300, 0.25, 10, 0.5, 0.808, 0.833, 0.829, 0.829
400, 300, 0.25, 10, 0.5, 0.824, 0.832, 0.098, 0.819
400, 300, 0.25, 10, 0.5, 0.811, 0.82, 0.837, 0.816
400, 300, 0.25, 10, 0.5, 0.809, 0.818, 0.82, 0.819
400, 300, 0.25, 10, 0.5, 0.818, 0.816, 0.823, 0.815
400, 300, 0.25, 10, 0.5, 0.797, 0.817, 0.098, 0.814
400, 300, 0.25, 10, 0.5, 0.836, 0.839, 0.098, 0.838
400, 300, 0.25, 10, 0.5, 0.787, 0.827, 0.812, 0.818
400, 300, 0.25, 10, 0.5, 0.813, 0.841, 0.855, 0.826
400, 300, 0.25, 10, 0.5, 0.819, 0.829, 0.098, 0.828
400, 300, 0.25, 10, 0.5, 0.821, 0.831, 0.835, 0.826
400, 300, 0.25, 10, 0.5, 0.816, 0.822, 0.098, 0.816
400, 300, 0.25, 10, 0.5, 0.812, 0.819, 0.098, 0.82
400, 300, 0.25, 10, 0.5, 0.802, 0.817, 0.829, 0.813
400, 300, 0.25, 10, 0.5, 0.805, 0.841, 0.841, 0.836
400, 300, 0.25, 10, 0.5, 0.809, 0.83, 0.837, 0.822
400, 300, 0.25, 10, 0.5, 0.822, 0.818, 0.098, 0.82
400, 300, 0.25, 10, 0.5, 0.819, 0.842, 0.098, 0.838
400, 300, 0.25, 10, 0.5, 0.825, 0.837, 0.849, 0.834
400, 300, 0.25, 10, 0.5, 0.828, 0.832, 0.098, 0.832
400, 300, 0.25, 10, 0.5, 0.824, 0.816, 0.098, 0.813
400, 300, 0.25, 10, 0.5, 0.826, 0.822, 0.098, 0.82
400, 300, 0.25, 10, 0.5, 0.809, 0.828, 0.831, 0.82
400, 300, 0.25, 10, 0.5, 0.803, 0.819, 0.832, 0.82
400, 300, 0.25, 10, 0.5, 0.819, 0.833, 0.851, 0.825
400, 300, 0.25, 10, 0.5, 0.802, 0.83, 0.848, 0.822
400, 300, 0.25, 10, 0.5, 0.81, 0.83, 0.846, 0.831
400, 300, 0.25, 10, 0.5, 0.815, 0.827, 0.831, 0.826
400, 300, 0.25, 10, 0.5, 0.84, 0.853, 0.098, 0.848
400, 300, 0.25, 10, 0.5, 0.779, 0.828, 0.795, 0.826
400, 300, 0.25, 10, 0.5, 0.812, 0.818, 0.808, 0.818
400, 300, 0.25, 10, 0.5, 0.836, 0.815, 0.098, 0.809
400, 300, 0.25, 10, 0.5, 0.825, 0.816, 0.098, 0.811
400, 300, 0.25, 10, 0.5, 0.805, 0.822, 0.818, 0.816
400, 300, 0.25, 10, 0.5, 0.801, 0.84, 0.098, 0.832
400, 300, 0.25, 10, 0.5, 0.822, 0.823, 0.825, 0.83
400, 300, 0.25, 10, 0.5, 0.817, 0.822, 0.098, 0.817
400, 300, 0.25, 10, 0.5, 0.825, 0.821, 0.826, 0.815
400, 500, 0.25, 10, 0.5, 0.835, 0.866, 0.098, 0.862
400, 500, 0.25, 10, 0.5, 0.844, 0.846, 0.098, 0.848
400, 500, 0.25, 10, 0.5, 0.813, 0.845, 0.098, 0.842
400, 500, 0.25, 10, 0.5, 0.84, 0.846, 0.098, 0.845
400, 500, 0.25, 10, 0.5, 0.833, 0.866, 0.098, 0.865
400, 500, 0.25, 10, 0.5, 0.836, 0.863, 0.098, 0.857
400, 500, 0.25, 10, 0.5, 0.842, 0.857, 0.098, 0.852
400, 500, 0.25, 10, 0.5, 0.837, 0.851, 0.098, 0.849
400, 500, 0.25, 10, 0.5, 0.847, 0.86, 0.858, 0.86
400, 500, 0.25, 10, 0.5, 0.844, 0.854, 0.098, 0.849
400, 500, 0.25, 10, 0.5, 0.849, 0.861, 0.098, 0.862
400, 500, 0.25, 10, 0.5, 0.831, 0.857, 0.098, 0.853
400, 500, 0.25, 10, 0.5, 0.846, 0.859, 0.098, 0.854
400, 500, 0.25, 10, 0.5, 0.823, 0.832, 0.098, 0.829
400, 500, 0.25, 10, 0.5, 0.838, 0.839, 0.098, 0.839
400, 500, 0.25, 10, 0.5, 0.837, 0.853, 0.098, 0.855
400, 500, 0.25, 10, 0.5, 0.829, 0.841, 0.098, 0.829
400, 500, 0.25, 10, 0.5, 0.86, 0.841, 0.098, 0.842
400, 500, 0.25, 10, 0.5, 0.853, 0.867, 0.098, 0.86
400, 500, 0.25, 10, 0.5, 0.84, 0.838, 0.098, 0.832
400, 500, 0.25, 10, 0.5, 0.819, 0.842, 0.098, 0.842
400, 500, 0.25, 10, 0.5, 0.843, 0.861, 0.098, 0.859
400, 500, 0.25, 10, 0.5, 0.837, 0.847, 0.098, 0.84
400, 500, 0.25, 10, 0.5, 0.827, 0.847, 0.098, 0.844
400, 500, 0.25, 10, 0.5, 0.839, 0.841, 0.098, 0.833
400, 500, 0.25, 10, 0.5, 0.814, 0.838, 0.098, 0.836
400, 500, 0.25, 10, 0.5, 0.827, 0.856, 0.846, 0.85
400, 500, 0.25, 10, 0.5, 0.841, 0.85, 0.098, 0.845
400, 500, 0.25, 10, 0.5, 0.828, 0.853, 0.854, 0.845
400, 500, 0.25, 10, 0.5, 0.845, 0.848, 0.098, 0.851
400, 500, 0.25, 10, 0.5, 0.849, 0.838, 0.098, 0.828
400, 500, 0.25, 10, 0.5, 0.854, 0.87, 0.098, 0.875
400, 500, 0.25, 10, 0.5, 0.835, 0.856, 0.098, 0.851
400, 500, 0.25, 10, 0.5, 0.845, 0.862, 0.098, 0.862
400, 500, 0.25, 10, 0.5, 0.844, 0.85, 0.098, 0.85
400, 500, 0.25, 10, 0.5, 0.856, 0.853, 0.872, 0.842
400, 500, 0.25, 10, 0.5, 0.842, 0.856, 0.098, 0.85
400, 500, 0.25, 10, 0.5, 0.844, 0.834, 0.098, 0.829
400, 500, 0.25, 10, 0.5, 0.835, 0.853, 0.098, 0.852
400, 500, 0.25, 10, 0.5, 0.843, 0.857, 0.098, 0.853
400, 500, 0.25, 10, 0.5, 0.836, 0.847, 0.098, 0.843
400, 500, 0.25, 10, 0.5, 0.862, 0.845, 0.098, 0.841
400, 500, 0.25, 10, 0.5, 0.847, 0.858, 0.098, 0.846
400, 500, 0.25, 10, 0.5, 0.843, 0.854, 0.098, 0.848
400, 500, 0.25, 10, 0.5, 0.846, 0.853, 0.098, 0.855
400, 500, 0.25, 10, 0.5, 0.846, 0.851, 0.098, 0.839
400, 500, 0.25, 10, 0.5, 0.827, 0.833, 0.098, 0.832
400, 500, 0.25, 10, 0.5, 0.861, 0.865, 0.098, 0.865
400, 500, 0.25, 10, 0.5, 0.846, 0.862, 0.098, 0.85
400, 500, 0.25, 10, 0.5, 0.848, 0.863, 0.098, 0.866
400, 500, 0.25, 10, 0.5, 0.84, 0.849, 0.098, 0.84
400, 500, 0.25, 10, 0.5, 0.844, 0.867, 0.098, 0.863
400, 500, 0.25, 10, 0.5, 0.839, 0.85, 0.098, 0.839
400, 500, 0.25, 10, 0.5, 0.838, 0.855, 0.098, 0.848
400, 500, 0.25, 10, 0.5, 0.831, 0.84, 0.098, 0.838
400, 500, 0.25, 10, 0.5, 0.849, 0.864, 0.098, 0.865
400, 500, 0.25, 10, 0.5, 0.846, 0.856, 0.098, 0.858
400, 500, 0.25, 10, 0.5, 0.847, 0.847, 0.098, 0.846
400, 500, 0.25, 10, 0.5, 0.847, 0.859, 0.098, 0.85
400, 500, 0.25, 10, 0.5, 0.835, 0.84, 0.098, 0.843
400, 500, 0.25, 10, 0.5, 0.824, 0.852, 0.098, 0.843
400, 500, 0.25, 10, 0.5, 0.829, 0.849, 0.098, 0.842
400, 500, 0.25, 10, 0.5, 0.843, 0.84, 0.098, 0.839
400, 500, 0.25, 10, 0.5, 0.84, 0.84, 0.098, 0.833
400, 500, 0.25, 10, 0.5, 0.816, 0.829, 0.098, 0.83
400, 500, 0.25, 10, 0.5, 0.844, 0.859, 0.098, 0.858
400, 500, 0.25, 10, 0.5, 0.864, 0.869, 0.098, 0.865
400, 500, 0.25, 10, 0.5, 0.821, 0.843, 0.098, 0.833
400, 500, 0.25, 10, 0.5, 0.84, 0.845, 0.098, 0.844
400, 500, 0.25, 10, 0.5, 0.832, 0.857, 0.098, 0.846
400, 500, 0.25, 10, 0.5, 0.83, 0.844, 0.098, 0.842
400, 500, 0.25, 10, 0.5, 0.844, 0.843, 0.098, 0.844
400, 500, 0.25, 10, 0.5, 0.828, 0.844, 0.098, 0.844
400, 500, 0.25, 10, 0.5, 0.831, 0.865, 0.852, 0.863
400, 500, 0.25, 10, 0.5, 0.848, 0.86, 0.098, 0.852
400, 500, 0.25, 10, 0.5, 0.82, 0.828, 0.098, 0.828
400, 500, 0.25, 10, 0.5, 0.842, 0.839, 0.098, 0.84
400, 500, 0.25, 10, 0.5, 0.836, 0.847, 0.098, 0.84
400, 500, 0.25, 10, 0.5, 0.823, 0.838, 0.098, 0.841
400, 500, 0.25, 10, 0.5, 0.844, 0.862, 0.098, 0.854
400, 500, 0.25, 10, 0.5, 0.845, 0.849, 0.867, 0.849
400, 500, 0.25, 10, 0.5, 0.846, 0.866, 0.098, 0.854
400, 500, 0.25, 10, 0.5, 0.852, 0.858, 0.098, 0.848
400, 500, 0.25, 10, 0.5, 0.816, 0.872, 0.098, 0.87
400, 500, 0.25, 10, 0.5, 0.832, 0.846, 0.098, 0.837
400, 500, 0.25, 10, 0.5, 0.849, 0.848, 0.098, 0.842
400, 500, 0.25, 10, 0.5, 0.846, 0.863, 0.098, 0.857
400, 500, 0.25, 10, 0.5, 0.823, 0.841, 0.098, 0.842
400, 500, 0.25, 10, 0.5, 0.843, 0.851, 0.098, 0.854
400, 500, 0.25, 10, 0.5, 0.837, 0.861, 0.098, 0.861
400, 500, 0.25, 10, 0.5, 0.82, 0.846, 0.098, 0.845
400, 500, 0.25, 10, 0.5, 0.845, 0.87, 0.098, 0.867
400, 500, 0.25, 10, 0.5, 0.842, 0.849, 0.098, 0.839
400, 500, 0.25, 10, 0.5, 0.822, 0.852, 0.098, 0.847
400, 500, 0.25, 10, 0.5, 0.85, 0.848, 0.85, 0.839
400, 500, 0.25, 10, 0.5, 0.833, 0.844, 0.098, 0.846
400, 500, 0.25, 10, 0.5, 0.841, 0.832, 0.858, 0.835
400, 500, 0.25, 10, 0.5, 0.836, 0.836, 0.098, 0.837
400, 500, 0.25, 10, 0.5, 0.84, 0.844, 0.098, 0.851
400, 500, 0.25, 10, 0.5, 0.833, 0.857, 0.098, 0.851
300, 300, 0.25, 10, 0.5, 0.812, 0.821, 0.821, 0.817
300, 300, 0.25, 10, 0.5, 0.811, 0.813, 0.832, 0.813
300, 300, 0.25, 10, 0.5, 0.808, 0.826, 0.824, 0.818
300, 300, 0.25, 10, 0.5, 0.802, 0.84, 0.824, 0.832
300, 300, 0.25, 10, 0.5, 0.786, 0.821, 0.826, 0.817
300, 300, 0.25, 10, 0.5, 0.785, 0.79, 0.816, 0.789
300, 300, 0.25, 10, 0.5, 0.82, 0.82, 0.823, 0.816
300, 300, 0.25, 10, 0.5, 0.788, 0.827, 0.801, 0.815
300, 300, 0.25, 10, 0.5, 0.801, 0.833, 0.833, 0.83
300, 300, 0.25, 10, 0.5, 0.8, 0.845, 0.845, 0.83
300, 300, 0.25, 10, 0.5, 0.809, 0.816, 0.822, 0.816
300, 300, 0.25, 10, 0.5, 0.834, 0.855, 0.858, 0.845
300, 300, 0.25, 10, 0.5, 0.819, 0.835, 0.846, 0.824
300, 300, 0.25, 10, 0.5, 0.794, 0.826, 0.83, 0.829
300, 300, 0.25, 10, 0.5, 0.792, 0.816, 0.812, 0.806
300, 300, 0.25, 10, 0.5, 0.784, 0.8, 0.816, 0.788
300, 300, 0.25, 10, 0.5, 0.792, 0.822, 0.83, 0.819
300, 300, 0.25, 10, 0.5, 0.813, 0.826, 0.836, 0.806
300, 300, 0.25, 10, 0.5, 0.804, 0.814, 0.824, 0.812
300, 300, 0.25, 10, 0.5, 0.796, 0.812, 0.84, 0.808
300, 300, 0.25, 10, 0.5, 0.813, 0.825, 0.82, 0.826
300, 300, 0.25, 10, 0.5, 0.814, 0.82, 0.83, 0.82
300, 300, 0.25, 10, 0.5, 0.8, 0.824, 0.832, 0.814
300, 300, 0.25, 10, 0.5, 0.807, 0.815, 0.822, 0.809
300, 300, 0.25, 10, 0.5, 0.789, 0.815, 0.797, 0.821
300, 300, 0.25, 10, 0.5, 0.805, 0.812, 0.825, 0.816
300, 300, 0.25, 10, 0.5, 0.838, 0.837, 0.85, 0.83
300, 300, 0.25, 10, 0.5, 0.801, 0.821, 0.832, 0.812
300, 300, 0.25, 10, 0.5, 0.809, 0.835, 0.818, 0.827
300, 300, 0.25, 10, 0.5, 0.788, 0.841, 0.823, 0.83
300, 300, 0.25, 10, 0.5, 0.816, 0.822, 0.833, 0.81
300, 300, 0.25, 10, 0.5, 0.801, 0.816, 0.829, 0.809
300, 300, 0.25, 10, 0.5, 0.81, 0.832, 0.829, 0.822
300, 300, 0.25, 10, 0.5, 0.803, 0.839, 0.849, 0.835
300, 300, 0.25, 10, 0.5, 0.802, 0.814, 0.822, 0.809
300, 300, 0.25, 10, 0.5, 0.818, 0.841, 0.829, 0.832
300, 300, 0.25, 10, 0.5, 0.798, 0.816, 0.813, 0.816
300, 300, 0.25, 10, 0.5, 0.833, 0.82, 0.835, 0.81
300, 300, 0.25, 10, 0.5, 0.804, 0.826, 0.822, 0.819
300, 300, 0.25, 10, 0.5, 0.805, 0.824, 0.826, 0.816
300, 300, 0.25, 10, 0.5, 0.806, 0.834, 0.836, 0.831
300, 300, 0.25, 10, 0.5, 0.774, 0.806, 0.8, 0.789
300, 300, 0.25, 10, 0.5, 0.801, 0.81, 0.833, 0.809
300, 300, 0.25, 10, 0.5, 0.826, 0.842, 0.852, 0.832
300, 300, 0.25, 10, 0.5, 0.787, 0.808, 0.817, 0.798
300, 300, 0.25, 10, 0.5, 0.809, 0.818, 0.835, 0.808
300, 300, 0.25, 10, 0.5, 0.818, 0.834, 0.842, 0.82
300, 300, 0.25, 10, 0.5, 0.8, 0.828, 0.841, 0.825
300, 300, 0.25, 10, 0.5, 0.819, 0.814, 0.832, 0.812
300, 300, 0.25, 10, 0.5, 0.809, 0.815, 0.837, 0.819
300, 300, 0.25, 10, 0.5, 0.807, 0.818, 0.829, 0.82
300, 300, 0.25, 10, 0.5, 0.811, 0.816, 0.818, 0.809
300, 300, 0.25, 10, 0.5, 0.798, 0.82, 0.841, 0.817
300, 300, 0.25, 10, 0.5, 0.81, 0.823, 0.812, 0.821
300, 300, 0.25, 10, 0.5, 0.795, 0.822, 0.826, 0.82
300, 300, 0.25, 10, 0.5, 0.797, 0.834, 0.83, 0.828
300, 300, 0.25, 10, 0.5, 0.793, 0.823, 0.82, 0.81
300, 300, 0.25, 10, 0.5, 0.798, 0.814, 0.814, 0.804
300, 300, 0.25, 10, 0.5, 0.801, 0.814, 0.827, 0.806
300, 300, 0.25, 10, 0.5, 0.806, 0.832, 0.832, 0.835
300, 300, 0.25, 10, 0.5, 0.796, 0.832, 0.821, 0.83
300, 300, 0.25, 10, 0.5, 0.818, 0.84, 0.844, 0.84
300, 300, 0.25, 10, 0.5, 0.811, 0.815, 0.835, 0.809
300, 300, 0.25, 10, 0.5, 0.809, 0.823, 0.837, 0.81
300, 300, 0.25, 10, 0.5, 0.82, 0.827, 0.837, 0.824
300, 300, 0.25, 10, 0.5, 0.809, 0.82, 0.83, 0.812
300, 300, 0.25, 10, 0.5, 0.82, 0.829, 0.832, 0.825
300, 300, 0.25, 10, 0.5, 0.816, 0.814, 0.817, 0.818
300, 300, 0.25, 10, 0.5, 0.815, 0.825, 0.827, 0.819
300, 300, 0.25, 10, 0.5, 0.828, 0.85, 0.868, 0.839
300, 300, 0.25, 10, 0.5, 0.804, 0.822, 0.824, 0.812
300, 300, 0.25, 10, 0.5, 0.809, 0.823, 0.815, 0.82
300, 300, 0.25, 10, 0.5, 0.832, 0.832, 0.836, 0.829
300, 300, 0.25, 10, 0.5, 0.819, 0.819, 0.838, 0.819
300, 300, 0.25, 10, 0.5, 0.815, 0.806, 0.823, 0.809
300, 300, 0.25, 10, 0.5, 0.804, 0.816, 0.816, 0.805
300, 300, 0.25, 10, 0.5, 0.804, 0.813, 0.817, 0.814
300, 300, 0.25, 10, 0.5, 0.819, 0.831, 0.837, 0.825
300, 300, 0.25, 10, 0.5, 0.802, 0.806, 0.822, 0.799
300, 300, 0.25, 10, 0.5, 0.829, 0.836, 0.849, 0.835
300, 300, 0.25, 10, 0.5, 0.804, 0.813, 0.828, 0.802
300, 300, 0.25, 10, 0.5, 0.826, 0.84, 0.831, 0.83
300, 300, 0.25, 10, 0.5, 0.816, 0.823, 0.838, 0.821
300, 300, 0.25, 10, 0.5, 0.806, 0.825, 0.814, 0.823
300, 300, 0.25, 10, 0.5, 0.813, 0.818, 0.836, 0.822
300, 300, 0.25, 10, 0.5, 0.81, 0.835, 0.851, 0.83
300, 300, 0.25, 10, 0.5, 0.824, 0.826, 0.848, 0.827
300, 300, 0.25, 10, 0.5, 0.795, 0.827, 0.838, 0.842
300, 300, 0.25, 10, 0.5, 0.8, 0.816, 0.818, 0.823
300, 300, 0.25, 10, 0.5, 0.814, 0.821, 0.838, 0.818
300, 300, 0.25, 10, 0.5, 0.813, 0.826, 0.827, 0.816
300, 300, 0.25, 10, 0.5, 0.806, 0.814, 0.832, 0.818
300, 300, 0.25, 10, 0.5, 0.82, 0.824, 0.839, 0.82
300, 300, 0.25, 10, 0.5, 0.808, 0.828, 0.828, 0.814
300, 300, 0.25, 10, 0.5, 0.816, 0.827, 0.828, 0.821
300, 300, 0.25, 10, 0.5, 0.802, 0.82, 0.832, 0.814
300, 300, 0.25, 10, 0.5, 0.8, 0.814, 0.823, 0.813
300, 300, 0.25, 10, 0.5, 0.808, 0.81, 0.83, 0.801
300, 300, 0.25, 10, 0.5, 0.786, 0.82, 0.827, 0.822
300, 300, 0.25, 10, 0.5, 0.802, 0.828, 0.807, 0.829
300, 500, 0.25, 10, 0.5, 0.834, 0.853, 0.853, 0.847
300, 500, 0.25, 10, 0.5, 0.835, 0.855, 0.858, 0.855
300, 500, 0.25, 10, 0.5, 0.845, 0.84, 0.865, 0.843
300, 500, 0.25, 10, 0.5, 0.833, 0.845, 0.852, 0.841
300, 500, 0.25, 10, 0.5, 0.824, 0.862, 0.85, 0.855
300, 500, 0.25, 10, 0.5, 0.852, 0.853, 0.856, 0.844
300, 500, 0.25, 10, 0.5, 0.845, 0.85, 0.858, 0.848
300, 500, 0.25, 10, 0.5, 0.843, 0.857, 0.868, 0.857
300, 500, 0.25, 10, 0.5, 0.826, 0.836, 0.839, 0.826
300, 500, 0.25, 10, 0.5, 0.836, 0.868, 0.856, 0.862
300, 500, 0.25, 10, 0.5, 0.847, 0.857, 0.86, 0.844
300, 500, 0.25, 10, 0.5, 0.849, 0.847, 0.863, 0.844
300, 500, 0.25, 10, 0.5, 0.83, 0.844, 0.845, 0.837
300, 500, 0.25, 10, 0.5, 0.84, 0.858, 0.869, 0.862
300, 500, 0.25, 10, 0.5, 0.842, 0.865, 0.862, 0.862
300, 500, 0.25, 10, 0.5, 0.85, 0.86, 0.857, 0.852
300, 500, 0.25, 10, 0.5, 0.848, 0.849, 0.866, 0.849
300, 500, 0.25, 10, 0.5, 0.853, 0.871, 0.872, 0.867
300, 500, 0.25, 10, 0.5, 0.837, 0.854, 0.859, 0.852
300, 500, 0.25, 10, 0.5, 0.826, 0.858, 0.867, 0.844
300, 500, 0.25, 10, 0.5, 0.845, 0.852, 0.86, 0.848
300, 500, 0.25, 10, 0.5, 0.83, 0.85, 0.847, 0.851
300, 500, 0.25, 10, 0.5, 0.839, 0.856, 0.855, 0.858
300, 500, 0.25, 10, 0.5, 0.832, 0.857, 0.851, 0.851
300, 500, 0.25, 10, 0.5, 0.841, 0.86, 0.853, 0.847
300, 500, 0.25, 10, 0.5, 0.834, 0.847, 0.847, 0.843
300, 500, 0.25, 10, 0.5, 0.84, 0.856, 0.855, 0.859
300, 500, 0.25, 10, 0.5, 0.845, 0.853, 0.86, 0.853
300, 500, 0.25, 10, 0.5, 0.835, 0.852, 0.848, 0.848
300, 500, 0.25, 10, 0.5, 0.846, 0.861, 0.87, 0.856
300, 500, 0.25, 10, 0.5, 0.862, 0.877, 0.869, 0.868
300, 500, 0.25, 10, 0.5, 0.838, 0.858, 0.867, 0.86
300, 500, 0.25, 10, 0.5, 0.85, 0.85, 0.877, 0.837
300, 500, 0.25, 10, 0.5, 0.86, 0.854, 0.871, 0.852
300, 500, 0.25, 10, 0.5, 0.851, 0.866, 0.868, 0.86
300, 500, 0.25, 10, 0.5, 0.841, 0.866, 0.867, 0.863
300, 500, 0.25, 10, 0.5, 0.837, 0.861, 0.849, 0.858
300, 500, 0.25, 10, 0.5, 0.845, 0.859, 0.865, 0.855
300, 500, 0.25, 10, 0.5, 0.849, 0.855, 0.098, 0.848
300, 500, 0.25, 10, 0.5, 0.846, 0.847, 0.859, 0.842
300, 500, 0.25, 10, 0.5, 0.826, 0.861, 0.85, 0.85
300, 500, 0.25, 10, 0.5, 0.851, 0.868, 0.86, 0.863
300, 500, 0.25, 10, 0.5, 0.846, 0.846, 0.856, 0.843
300, 500, 0.25, 10, 0.5, 0.848, 0.854, 0.098, 0.853
300, 500, 0.25, 10, 0.5, 0.842, 0.856, 0.859, 0.854
300, 500, 0.25, 10, 0.5, 0.832, 0.857, 0.098, 0.852
300, 500, 0.25, 10, 0.5, 0.846, 0.845, 0.849, 0.843
300, 500, 0.25, 10, 0.5, 0.862, 0.86, 0.872, 0.854
300, 500, 0.25, 10, 0.5, 0.844, 0.845, 0.878, 0.845
300, 500, 0.25, 10, 0.5, 0.822, 0.853, 0.851, 0.84
300, 500, 0.25, 10, 0.5, 0.837, 0.861, 0.858, 0.861
300, 500, 0.25, 10, 0.5, 0.832, 0.844, 0.857, 0.838
300, 500, 0.25, 10, 0.5, 0.837, 0.837, 0.844, 0.836
300, 500, 0.25, 10, 0.5, 0.851, 0.862, 0.867, 0.856
300, 500, 0.25, 10, 0.5, 0.853, 0.865, 0.865, 0.861
300, 500, 0.25, 10, 0.5, 0.848, 0.846, 0.844, 0.843
300, 500, 0.25, 10, 0.5, 0.832, 0.854, 0.848, 0.839
300, 500, 0.25, 10, 0.5, 0.829, 0.855, 0.841, 0.846
300, 500, 0.25, 10, 0.5, 0.848, 0.859, 0.863, 0.855
300, 500, 0.25, 10, 0.5, 0.823, 0.861, 0.848, 0.844
300, 500, 0.25, 10, 0.5, 0.844, 0.86, 0.86, 0.86
300, 500, 0.25, 10, 0.5, 0.842, 0.854, 0.856, 0.85
300, 500, 0.25, 10, 0.5, 0.838, 0.854, 0.85, 0.85
300, 500, 0.25, 10, 0.5, 0.846, 0.854, 0.862, 0.85
300, 500, 0.25, 10, 0.5, 0.854, 0.856, 0.87, 0.856
300, 500, 0.25, 10, 0.5, 0.847, 0.839, 0.854, 0.85
300, 500, 0.25, 10, 0.5, 0.845, 0.847, 0.853, 0.849
300, 500, 0.25, 10, 0.5, 0.853, 0.856, 0.86, 0.862
300, 500, 0.25, 10, 0.5, 0.838, 0.85, 0.852, 0.844
300, 500, 0.25, 10, 0.5, 0.855, 0.859, 0.866, 0.855
300, 500, 0.25, 10, 0.5, 0.836, 0.842, 0.858, 0.838
300, 500, 0.25, 10, 0.5, 0.841, 0.853, 0.856, 0.843
300, 500, 0.25, 10, 0.5, 0.828, 0.847, 0.098, 0.847
300, 500, 0.25, 10, 0.5, 0.838, 0.85, 0.857, 0.847
300, 500, 0.25, 10, 0.5, 0.83, 0.837, 0.836, 0.837
300, 500, 0.25, 10, 0.5, 0.833, 0.846, 0.863, 0.84
300, 500, 0.25, 10, 0.5, 0.85, 0.849, 0.873, 0.849
300, 500, 0.25, 10, 0.5, 0.84, 0.844, 0.86, 0.841
300, 500, 0.25, 10, 0.5, 0.835, 0.844, 0.855, 0.839
300, 500, 0.25, 10, 0.5, 0.855, 0.855, 0.867, 0.85
300, 500, 0.25, 10, 0.5, 0.829, 0.854, 0.836, 0.846
300, 500, 0.25, 10, 0.5, 0.85, 0.87, 0.865, 0.859
300, 500, 0.25, 10, 0.5, 0.848, 0.854, 0.098, 0.856
300, 500, 0.25, 10, 0.5, 0.827, 0.846, 0.844, 0.844
300, 500, 0.25, 10, 0.5, 0.834, 0.854, 0.848, 0.844
300, 500, 0.25, 10, 0.5, 0.834, 0.851, 0.858, 0.843
300, 500, 0.25, 10, 0.5, 0.863, 0.857, 0.87, 0.854
300, 500, 0.25, 10, 0.5, 0.824, 0.855, 0.855, 0.853
300, 500, 0.25, 10, 0.5, 0.824, 0.851, 0.84, 0.85
300, 500, 0.25, 10, 0.5, 0.848, 0.852, 0.862, 0.848
300, 500, 0.25, 10, 0.5, 0.82, 0.854, 0.858, 0.84
300, 500, 0.25, 10, 0.5, 0.844, 0.851, 0.863, 0.85
300, 500, 0.25, 10, 0.5, 0.84, 0.851, 0.851, 0.841
300, 500, 0.25, 10, 0.5, 0.829, 0.852, 0.841, 0.849
300, 500, 0.25, 10, 0.5, 0.847, 0.851, 0.098, 0.852
300, 500, 0.25, 10, 0.5, 0.842, 0.845, 0.859, 0.834
300, 500, 0.25, 10, 0.5, 0.85, 0.858, 0.876, 0.857
300, 500, 0.25, 10, 0.5, 0.838, 0.842, 0.849, 0.84
300, 500, 0.25, 10, 0.5, 0.832, 0.856, 0.854, 0.853
300, 500, 0.25, 10, 0.5, 0.833, 0.854, 0.858, 0.847
